{
 "cells": [
  {
   "cell_type": "code",
   "execution_count": 1,
   "metadata": {},
   "outputs": [
    {
     "data": {
      "text/html": [
       "<script type=\"text/javascript\">window.PlotlyConfig = {MathJaxConfig: 'local'};</script><script type=\"text/javascript\">if (window.MathJax) {MathJax.Hub.Config({SVG: {font: \"STIX-Web\"}});}</script><script>requirejs.config({paths: { 'plotly': ['https://cdn.plot.ly/plotly-latest.min']},});if(!window._Plotly) {require(['plotly'],function(plotly) {window._Plotly=plotly;});}</script>"
      ],
      "text/vnd.plotly.v1+html": [
       "<script type=\"text/javascript\">window.PlotlyConfig = {MathJaxConfig: 'local'};</script><script type=\"text/javascript\">if (window.MathJax) {MathJax.Hub.Config({SVG: {font: \"STIX-Web\"}});}</script><script>requirejs.config({paths: { 'plotly': ['https://cdn.plot.ly/plotly-latest.min']},});if(!window._Plotly) {require(['plotly'],function(plotly) {window._Plotly=plotly;});}</script>"
      ]
     },
     "metadata": {},
     "output_type": "display_data"
    }
   ],
   "source": [
    "#### Import plotting library ####\n",
    "\n",
    "from plotly.offline import download_plotlyjs, init_notebook_mode, plot, iplot\n",
    "import plotly.graph_objs as go\n",
    "init_notebook_mode(connected=True)"
   ]
  },
  {
   "cell_type": "code",
   "execution_count": 2,
   "metadata": {},
   "outputs": [
    {
     "name": "stdout",
     "output_type": "stream",
     "text": [
      "✅ Successfully imported skill.py\n",
      "✅ Successfully imported workplace.py\n",
      "✅ Successfully imported task.py\n",
      "✅ Successfully imported timeline.py\n",
      "✅ Successfully imported agent.py\n",
      "✅ Successfully imported PARAMETERS.py\n"
     ]
    }
   ],
   "source": [
    "#### Import class definitions ####\n",
    "\n",
    "# List existing classes\n",
    "from os import listdir\n",
    "from os.path import isfile, join\n",
    "classes = [f for f in listdir('classes') if isfile(join('classes', f))]\n",
    "\n",
    "# Import procedure\n",
    "for _class in classes:\n",
    "    %run classes/$_class\n",
    "    print('✅ Successfully imported ' + _class)"
   ]
  },
  {
   "cell_type": "code",
   "execution_count": 3,
   "metadata": {},
   "outputs": [
    {
     "name": "stdout",
     "output_type": "stream",
     "text": [
      "Reading from input file inputs/Exp1a_Zoethout.json...\n",
      "\n",
      "task_unit_duration: 10\n",
      "alpha_e: 0.5\n",
      "alpha_m: 0.5\n",
      "alpha_h: 0\n",
      "lam_learn: 1\n",
      "lam_motiv: 0\n",
      "mu_learn: 0.5\n",
      "mu_motiv: 0\n",
      "th_e: 10\n",
      "th_m: 10\n",
      "max_e: 25\n",
      "max_m: 25\n",
      "excite: 0.1\n",
      "inhibit: 0.1\n",
      "Time elapsed:\n",
      "0 time units.\n",
      "\n",
      "Completed tasks:\n",
      "Current task:\n",
      "None\n",
      "Future tasks:\n",
      "--- TASK 0 ---\n",
      "\tAction 0 | Skill ID 0 | Duration 50 | Completion 0\n",
      "\tAction 1 | Skill ID 1 | Duration 50 | Completion 0\n",
      "\n",
      "Currently employed agents:\n",
      "--- AGENT 0 ---\n",
      "Short-term memory:\n",
      "\n",
      "Long-term memory:\n",
      "< skill_id: 0, expertise: [16], motivation: [16] >\n",
      "< skill_id: 1, expertise: [14], motivation: [14] >\n",
      "Current action:\n",
      "[]\n",
      "Action history:\n",
      "[]\n",
      "\n",
      "--- AGENT 1 ---\n",
      "Short-term memory:\n",
      "\n",
      "Long-term memory:\n",
      "< skill_id: 0, expertise: [14], motivation: [14] >\n",
      "< skill_id: 1, expertise: [16], motivation: [16] >\n",
      "Current action:\n",
      "[]\n",
      "Action history:\n",
      "[]\n",
      "\n",
      "History:\n"
     ]
    },
    {
     "data": {
      "application/vnd.plotly.v1+json": {
       "config": {
        "linkText": "Export to plot.ly",
        "plotlyServerURL": "https://plot.ly",
        "showLink": true
       },
       "data": [
        {
         "mode": "text",
         "text": [],
         "type": "scatter",
         "uid": "27483164-41e6-4fda-aa88-0e24085659d8",
         "x": [],
         "y": []
        }
       ],
       "layout": {
        "xaxis": {
         "autorange": true,
         "showgrid": false
        },
        "yaxis": {
         "range": [
          0,
          2
         ]
        }
       }
      },
      "text/html": [
       "<div id=\"0203d8c7-1239-4815-8796-054fc2a9c402\" style=\"height: 525px; width: 100%;\" class=\"plotly-graph-div\"></div><script type=\"text/javascript\">require([\"plotly\"], function(Plotly) { window.PLOTLYENV=window.PLOTLYENV || {};window.PLOTLYENV.BASE_URL=\"https://plot.ly\";Plotly.newPlot(\"0203d8c7-1239-4815-8796-054fc2a9c402\", [{\"mode\": \"text\", \"text\": [], \"x\": [], \"y\": [], \"type\": \"scatter\", \"uid\": \"d4c229f7-147b-4e4c-a45b-5372e8671632\"}], {\"xaxis\": {\"autorange\": true, \"showgrid\": false}, \"yaxis\": {\"range\": [0, 2]}}, {\"showLink\": true, \"linkText\": \"Export to plot.ly\", \"plotlyServerURL\": \"https://plot.ly\"})});</script><script type=\"text/javascript\">window.addEventListener(\"resize\", function(){window._Plotly.Plots.resize(document.getElementById(\"0203d8c7-1239-4815-8796-054fc2a9c402\"));});</script>"
      ],
      "text/vnd.plotly.v1+html": [
       "<div id=\"0203d8c7-1239-4815-8796-054fc2a9c402\" style=\"height: 525px; width: 100%;\" class=\"plotly-graph-div\"></div><script type=\"text/javascript\">require([\"plotly\"], function(Plotly) { window.PLOTLYENV=window.PLOTLYENV || {};window.PLOTLYENV.BASE_URL=\"https://plot.ly\";Plotly.newPlot(\"0203d8c7-1239-4815-8796-054fc2a9c402\", [{\"mode\": \"text\", \"text\": [], \"x\": [], \"y\": [], \"type\": \"scatter\", \"uid\": \"d4c229f7-147b-4e4c-a45b-5372e8671632\"}], {\"xaxis\": {\"autorange\": true, \"showgrid\": false}, \"yaxis\": {\"range\": [0, 2]}}, {\"showLink\": true, \"linkText\": \"Export to plot.ly\", \"plotlyServerURL\": \"https://plot.ly\"})});</script><script type=\"text/javascript\">window.addEventListener(\"resize\", function(){window._Plotly.Plots.resize(document.getElementById(\"0203d8c7-1239-4815-8796-054fc2a9c402\"));});</script>"
      ]
     },
     "metadata": {},
     "output_type": "display_data"
    }
   ],
   "source": [
    "input_file = None\n",
    "input_file = 'inputs/sample1.json'\n",
    "input_file = 'inputs/Exp1a_Zoethout.json'\n",
    "#input_file = 'inputs/Exp1b_Zoethout.json'\n",
    "#input_file = 'inputs/Exp2_Zoethout.json'\n",
    "\n",
    "my_workplace = Workplace(input_file)\n",
    "\n",
    "my_workplace.print_params()\n",
    "my_workplace.print_current_state()"
   ]
  },
  {
   "cell_type": "markdown",
   "metadata": {},
   "source": [
    "a0 = my_workplace.agents[0]\n",
    "a1 = my_workplace.agents[1]\n",
    "\n",
    "i0, you0 = a0.get_initial_i_you(my_workplace, 0)\n",
    "i1, you1 = a1.get_initial_i_you(my_workplace, 0)\n",
    "inh, exc = .1, .1\n",
    "\n",
    "negotiate(i0, you0, i1, you1, inh, exc)\n",
    "input()"
   ]
  },
  {
   "cell_type": "code",
   "execution_count": 4,
   "metadata": {},
   "outputs": [
    {
     "name": "stdout",
     "output_type": "stream",
     "text": [
      "[0.4, 0, 0.26666666666666666, 0]\n",
      "[0.3985777777777778, 0.0035555555555555566, 0.26524444444444445, 0.005333333333333336]\n",
      "[0.3971681705613169, 0.007079573596707821, 0.26383483722798357, 0.010619360395061733]\n",
      "[0.3957710132328878, 0.010572466917780523, 0.26243767989955447, 0.015858700376670788]\n",
      "[0.39438614354643003, 0.01403464113392502, 0.2610528102130967, 0.021051961700887536]\n",
      "[0.393013402065338, 0.017466494836655064, 0.25968006873200467, 0.026199742254982603]\n",
      "[0.391652632101859, 0.020868419745352595, 0.25831929876852566, 0.031302629618028904]\n",
      "[0.3903036796580537, 0.024240800854865914, 0.2569703463247203, 0.03636120128229889]\n",
      "[0.3889663933682731, 0.02758401657931734, 0.25563306003493974, 0.04137602486897603]\n",
      "[0.3876406244431066, 0.03089843889223353, 0.25430729110977324, 0.04634765833835031]\n",
      "[0.3863262266147569, 0.034184433463107775, 0.25299289328142355, 0.05127665019466168]\n",
      "[0.38502305608380005, 0.03744235979049985, 0.2516897227504667, 0.056163539685749796]\n",
      "[0.3837309714672898, 0.04067257133177548, 0.25039763813395643, 0.06100885699766325]\n",
      "[0.3824498337481664, 0.04387541562958408, 0.249116500414833, 0.06581312344437615]\n",
      "[0.381179506225932, 0.04705123443517001, 0.2478461728925986, 0.07057685165275504]\n",
      "[0.37991985446855614, 0.0502003638286096, 0.24658652113522278, 0.07530054574291442]\n",
      "[0.3786707462655748, 0.053323134336062984, 0.24533741293224143, 0.0799847015040945]\n",
      "[0.3774320515823492, 0.05641987104412689, 0.24409871824901586, 0.08462980656619036]\n",
      "[0.37620364251545124, 0.059490893711371826, 0.24287030918211788, 0.08923634056705776]\n",
      "[0.3749853932491424, 0.06253651687714405, 0.241652059915809, 0.09380477531571609]\n",
      "[0.37377718001291577, 0.06555704996771056, 0.24044384667958238, 0.09833557495156584]\n",
      "[0.3725788810400711, 0.0685527973998223, 0.23924554770673767, 0.10282919609973344]\n",
      "[0.3713903765272925, 0.07152405868176881, 0.23805704319395907, 0.10728608802265321]\n",
      "[0.3702115485952021, 0.07447112851199475, 0.2368782152618687, 0.11170669276799214]\n",
      "[0.36904228124986127, 0.07739429687534688, 0.23570894791652786, 0.11609144531302035]\n",
      "[0.367882460345193, 0.08029384913701755, 0.2345491270118596, 0.12044077370552636]\n",
      "[0.3667319735463005, 0.08317006613424889, 0.23339864021296705, 0.12475509920137337]\n",
      "[0.3655907102936562, 0.0860232242658597, 0.23225737696032273, 0.1290348363987896]\n",
      "[0.364458561768138, 0.08885359557965523, 0.2311252284348045, 0.13328039336948289]\n",
      "[0.3633354208568889, 0.09166144785777794, 0.23000208752355544, 0.13749217178666695]\n",
      "[0.3622211821199778, 0.09444704470005574, 0.2288878487866443, 0.14167056705008366]\n",
      "[0.36111574175783917, 0.09721064560540231, 0.22778240842450567, 0.1458159684081035]\n",
      "[0.36001899757947114, 0.09995250605132239, 0.22668566424613765, 0.14992875907698364]\n",
      "[0.35893084897137073, 0.10267287757157342, 0.22559751563803723, 0.1540093163573602]\n",
      "[0.3578511968671868, 0.10537200783203318, 0.22451786353385333, 0.15805801174804984]\n",
      "[0.3567799437180714, 0.10805014070482162, 0.22344661038473795, 0.1620752110572325]\n",
      "[0.3557169934637106, 0.11070751634072364, 0.22238366013037714, 0.16606127451108552]\n",
      "[0.3546622515040168, 0.11334437123995808, 0.22132891817068337, 0.1700165568599372]\n",
      "[0.3536156246714653, 0.11596093832133685, 0.22028229133813187, 0.17394140748200534]\n",
      "[0.3525770212040574, 0.11855744698985668, 0.21924368787072393, 0.17783617048478512]\n",
      "[0.351546350718894, 0.12113412320276508, 0.21821301738556056, 0.1817011848041477]\n",
      "[0.35052352418634397, 0.12369118953414016, 0.21719019085301053, 0.18553678430121032]\n",
      "[0.34950845390479063, 0.12622886523802354, 0.21617512057145716, 0.1893432978570354]\n",
      "[0.34850105347594246, 0.12874736631014394, 0.21516772014260901, 0.193121049465216]\n",
      "[0.3475012377806929, 0.13124690554826782, 0.21416790444735948, 0.1968703583224018]\n",
      "[0.34650892295551483, 0.13372769261121298, 0.21317558962218142, 0.20059153891681952]\n",
      "[0.3455240263693763, 0.13618993407655927, 0.2121906930360429, 0.20428490111483896]\n",
      "[0.344546466601164, 0.13863383349709, 0.21121313326783062, 0.20795075024563506]\n",
      "[0.34357616341760144, 0.1410595914559964, 0.21024283008426806, 0.21158938718399464]\n",
      "[0, 48]\n",
      "[0.26666666666666666, 0, 0.4, 0]\n",
      "[0.26524444444444445, 0.005333333333333336, 0.3985777777777778, 0.0035555555555555566]\n",
      "[0.26383483722798357, 0.010619360395061733, 0.3971681705613169, 0.007079573596707821]\n",
      "[0.26243767989955447, 0.015858700376670788, 0.3957710132328878, 0.010572466917780523]\n",
      "[0.2610528102130967, 0.021051961700887536, 0.39438614354643003, 0.01403464113392502]\n",
      "[0.25968006873200467, 0.026199742254982603, 0.393013402065338, 0.017466494836655064]\n",
      "[0.25831929876852566, 0.031302629618028904, 0.391652632101859, 0.020868419745352595]\n",
      "[0.2569703463247203, 0.03636120128229889, 0.3903036796580537, 0.024240800854865914]\n",
      "[0.25563306003493974, 0.04137602486897603, 0.3889663933682731, 0.02758401657931734]\n",
      "[0.25430729110977324, 0.04634765833835031, 0.3876406244431066, 0.03089843889223353]\n",
      "[0.25299289328142355, 0.05127665019466168, 0.3863262266147569, 0.034184433463107775]\n",
      "[0.2516897227504667, 0.056163539685749796, 0.38502305608380005, 0.03744235979049985]\n",
      "[0.25039763813395643, 0.06100885699766325, 0.3837309714672898, 0.04067257133177548]\n",
      "[0.249116500414833, 0.06581312344437615, 0.3824498337481664, 0.04387541562958408]\n",
      "[0.2478461728925986, 0.07057685165275504, 0.381179506225932, 0.04705123443517001]\n",
      "[0.24658652113522278, 0.07530054574291442, 0.37991985446855614, 0.0502003638286096]\n",
      "[0.24533741293224143, 0.0799847015040945, 0.3786707462655748, 0.053323134336062984]\n",
      "[0.24409871824901586, 0.08462980656619036, 0.3774320515823492, 0.05641987104412689]\n",
      "[0.24287030918211788, 0.08923634056705776, 0.37620364251545124, 0.059490893711371826]\n",
      "[0.241652059915809, 0.09380477531571609, 0.3749853932491424, 0.06253651687714405]\n",
      "[0.24044384667958238, 0.09833557495156584, 0.37377718001291577, 0.06555704996771056]\n",
      "[0.23924554770673767, 0.10282919609973344, 0.3725788810400711, 0.0685527973998223]\n",
      "[0.23805704319395907, 0.10728608802265321, 0.3713903765272925, 0.07152405868176881]\n",
      "[0.2368782152618687, 0.11170669276799214, 0.3702115485952021, 0.07447112851199475]\n",
      "[0.23570894791652786, 0.11609144531302035, 0.36904228124986127, 0.07739429687534688]\n",
      "[0.2345491270118596, 0.12044077370552636, 0.367882460345193, 0.08029384913701755]\n",
      "[0.23339864021296705, 0.12475509920137337, 0.3667319735463005, 0.08317006613424889]\n",
      "[0.23225737696032273, 0.1290348363987896, 0.3655907102936562, 0.0860232242658597]\n",
      "[0.2311252284348045, 0.13328039336948289, 0.364458561768138, 0.08885359557965523]\n",
      "[0.23000208752355544, 0.13749217178666695, 0.3633354208568889, 0.09166144785777794]\n",
      "[0.2288878487866443, 0.14167056705008366, 0.3622211821199778, 0.09444704470005574]\n",
      "[0.22778240842450567, 0.1458159684081035, 0.36111574175783917, 0.09721064560540231]\n",
      "[0.22668566424613765, 0.14992875907698364, 0.36001899757947114, 0.09995250605132239]\n",
      "[0.22559751563803723, 0.1540093163573602, 0.35893084897137073, 0.10267287757157342]\n",
      "[0.22451786353385333, 0.15805801174804984, 0.3578511968671868, 0.10537200783203318]\n",
      "[0.22344661038473795, 0.1620752110572325, 0.3567799437180714, 0.10805014070482162]\n",
      "[0.22238366013037714, 0.16606127451108552, 0.3557169934637106, 0.11070751634072364]\n",
      "[0.22132891817068337, 0.1700165568599372, 0.3546622515040168, 0.11334437123995808]\n",
      "[0.22028229133813187, 0.17394140748200534, 0.3536156246714653, 0.11596093832133685]\n",
      "[0.21924368787072393, 0.17783617048478512, 0.3525770212040574, 0.11855744698985668]\n",
      "[0.21821301738556056, 0.1817011848041477, 0.351546350718894, 0.12113412320276508]\n",
      "[0.21719019085301053, 0.18553678430121032, 0.35052352418634397, 0.12369118953414016]\n",
      "[0.21617512057145716, 0.1893432978570354, 0.34950845390479063, 0.12622886523802354]\n",
      "[0.21516772014260901, 0.193121049465216, 0.34850105347594246, 0.12874736631014394]\n",
      "[0.21416790444735948, 0.1968703583224018, 0.3475012377806929, 0.13124690554826782]\n",
      "[0.21317558962218142, 0.20059153891681952, 0.34650892295551483, 0.13372769261121298]\n",
      "[0.2121906930360429, 0.20428490111483896, 0.3455240263693763, 0.13618993407655927]\n",
      "[0.21121313326783062, 0.20795075024563506, 0.344546466601164, 0.13863383349709]\n",
      "[0.21024283008426806, 0.21158938718399464, 0.34357616341760144, 0.1410595914559964]\n",
      "[1, 48]\n",
      "[0.41200000000000003, 0, 0.25918367346938775, 0]\n",
      "[0.4103681711286964, 0.0039607496876301555, 0.2575518445980841, 0.006296032653061227]\n",
      "[0.4087530388780111, 0.007880973597060376, 0.25593671234739884, 0.012527645273815344]\n",
      "[0.407154352269672, 0.011761280898854316, 0.2543380257390597, 0.018695806203627634]\n",
      "[0.4055718653350894, 0.015602268604151906, 0.2527555388044771, 0.024801464455166827]\n",
      "[0.40400533699085234, 0.019404521866863145, 0.25118901046024006, 0.030845550192774268]\n",
      "[0.4024545309179226, 0.02316861427688681, 0.2496382043873103, 0.03682897519856622]\n",
      "[0.4009192154443985, 0.026895108144663733, 0.2481028889137862, 0.04275263332476154]\n",
      "[0.39939916343172677, 0.030584554777362147, 0.24658283690111446, 0.04861740093270765]\n",
      "[0.3978941521642438, 0.034237494746981, 0.24507782563363148, 0.05442413731905926]\n",
      "[0.39640396324193383, 0.037854458150645996, 0.2435876367113215, 0.060173685129546586]\n",
      "[0.39492838247629464, 0.041435964863362526, 0.24211205594568228, 0.06586687076075298]\n",
      "[0.39346719978920647, 0.04498252478347941, 0.2406508732585941, 0.07150450475030572]\n",
      "[0.3920202091147036, 0.048494638071107765, 0.23920388258409123, 0.07708738215586802]\n",
      "[0.3905872083035513, 0.05197279537972983, 0.23777088177293892, 0.082616282923306]\n",
      "[0.3891679990305358, 0.05541747808122386, 0.2363516724999234, 0.08809197224438958]\n",
      "[0.3877623867043768, 0.058829158484522436, 0.23494606017376438, 0.09351520090437318]\n",
      "[0.38637018038017723, 0.06220830004811363, 0.2335538538495648, 0.09888670561978885]\n",
      "[0.38499119267432647, 0.06555535758658639, 0.23217486614371405, 0.10420720936677216]\n",
      "[0.3836252396817774, 0.06887077747141411, 0.23080891315116503, 0.10947742170022903]\n",
      "[0.3822721408956208, 0.07215499782616325, 0.2294558143650084, 0.11469803906414051]\n",
      "[0.3809317191288817, 0.07540844871630675, 0.22811539259826927, 0.11986974509329146]\n",
      "[0.37960380043846803, 0.07863155233381564, 0.2267874739078556, 0.12499321090669849]\n",
      "[0.37828821405120144, 0.08182472317669565, 0.22547188752058905, 0.13006909539300257]\n",
      "[0.37698479229186455, 0.08498836822362991, 0.22416846576125213, 0.13509804548808202]\n",
      "[0.37569337051320045, 0.08812288710388252, 0.22287704398258806, 0.14008069644513238]\n",
      "[0.3744137870278037, 0.09122867226261254, 0.2215974604971913, 0.1450176720974506]\n",
      "[0.37314588304184215, 0.09430610912174255, 0.22032955651122976, 0.14990958511415267]\n",
      "[0.3718895025905536, 0.09735557623652066, 0.21907317605994117, 0.15475703724904563]\n",
      "[0.3706444924754612, 0.10037744544790997, 0.21782816594484877, 0.15956061958286666]\n",
      "[0.36941070220325506, 0.10337208203093456, 0.21659437567264264, 0.16432091275909505]\n",
      "[0.368187983926288, 0.1063398448391071, 0.21537165739567554, 0.169038487213535]\n",
      "[0.36697619238463625, 0.10928108644505792, 0.2141598658540238, 0.1737139033978606]\n",
      "[0.3657751848496775, 0.11219615327748195, 0.2129588583190651, 0.17834771199730756]\n",
      "[0.3645848210691397, 0.11508538575451552, 0.21176849453852728, 0.18294045414268975]\n",
      "[0.3634049632135758, 0.11794911841365116, 0.2105886366829634, 0.1874926616169126]\n",
      "[0.3622354758242226, 0.12078768003829485, 0.20941914929361022, 0.19200485705614936]\n",
      "[0.3610762257622006, 0.12360139378106663, 0.20825989923158825, 0.19647755414584045]\n",
      "[0.359927082159016, 0.126390577283942, 0.2071107556284036, 0.200911257811671]\n",
      "[0.3587879163683249, 0.12915554279532807, 0.20597158983771252, 0.20530646440567585]\n",
      "[0.3576586019189239, 0.13189659728416547, 0.2048422753883115, 0.20966366188761673]\n",
      "[0, 40]\n",
      "[0.25918367346938775, 0, 0.41200000000000003, 0]\n",
      "[0.2575518445980841, 0.006296032653061227, 0.4103681711286964, 0.0039607496876301555]\n",
      "[0.25593671234739884, 0.012527645273815344, 0.4087530388780111, 0.007880973597060376]\n",
      "[0.2543380257390597, 0.018695806203627634, 0.407154352269672, 0.011761280898854316]\n",
      "[0.2527555388044771, 0.024801464455166827, 0.4055718653350894, 0.015602268604151906]\n",
      "[0.25118901046024006, 0.030845550192774268, 0.40400533699085234, 0.019404521866863145]\n",
      "[0.2496382043873103, 0.03682897519856622, 0.4024545309179226, 0.02316861427688681]\n",
      "[0.2481028889137862, 0.04275263332476154, 0.4009192154443985, 0.026895108144663733]\n",
      "[0.24658283690111446, 0.04861740093270765, 0.39939916343172677, 0.030584554777362147]\n",
      "[0.24507782563363148, 0.05442413731905926, 0.3978941521642438, 0.034237494746981]\n",
      "[0.2435876367113215, 0.060173685129546586, 0.39640396324193383, 0.037854458150645996]\n",
      "[0.24211205594568228, 0.06586687076075298, 0.39492838247629464, 0.041435964863362526]\n",
      "[0.2406508732585941, 0.07150450475030572, 0.39346719978920647, 0.04498252478347941]\n",
      "[0.23920388258409123, 0.07708738215586802, 0.3920202091147036, 0.048494638071107765]\n",
      "[0.23777088177293892, 0.082616282923306, 0.3905872083035513, 0.05197279537972983]\n",
      "[0.2363516724999234, 0.08809197224438958, 0.3891679990305358, 0.05541747808122386]\n",
      "[0.23494606017376438, 0.09351520090437318, 0.3877623867043768, 0.058829158484522436]\n",
      "[0.2335538538495648, 0.09888670561978885, 0.38637018038017723, 0.06220830004811363]\n",
      "[0.23217486614371405, 0.10420720936677216, 0.38499119267432647, 0.06555535758658639]\n",
      "[0.23080891315116503, 0.10947742170022903, 0.3836252396817774, 0.06887077747141411]\n",
      "[0.2294558143650084, 0.11469803906414051, 0.3822721408956208, 0.07215499782616325]\n",
      "[0.22811539259826927, 0.11986974509329146, 0.3809317191288817, 0.07540844871630675]\n",
      "[0.2267874739078556, 0.12499321090669849, 0.37960380043846803, 0.07863155233381564]\n",
      "[0.22547188752058905, 0.13006909539300257, 0.37828821405120144, 0.08182472317669565]\n",
      "[0.22416846576125213, 0.13509804548808202, 0.37698479229186455, 0.08498836822362991]\n",
      "[0.22287704398258806, 0.14008069644513238, 0.37569337051320045, 0.08812288710388252]\n",
      "[0.2215974604971913, 0.1450176720974506, 0.3744137870278037, 0.09122867226261254]\n",
      "[0.22032955651122976, 0.14990958511415267, 0.37314588304184215, 0.09430610912174255]\n",
      "[0.21907317605994117, 0.15475703724904563, 0.3718895025905536, 0.09735557623652066]\n",
      "[0.21782816594484877, 0.15956061958286666, 0.3706444924754612, 0.10037744544790997]\n",
      "[0.21659437567264264, 0.16432091275909505, 0.36941070220325506, 0.10337208203093456]\n",
      "[0.21537165739567554, 0.169038487213535, 0.368187983926288, 0.1063398448391071]\n",
      "[0.2141598658540238, 0.1737139033978606, 0.36697619238463625, 0.10928108644505792]\n",
      "[0.2129588583190651, 0.17834771199730756, 0.3657751848496775, 0.11219615327748195]\n",
      "[0.21176849453852728, 0.18294045414268975, 0.3645848210691397, 0.11508538575451552]\n",
      "[0.2105886366829634, 0.1874926616169126, 0.3634049632135758, 0.11794911841365116]\n",
      "[0.20941914929361022, 0.19200485705614936, 0.3622354758242226, 0.12078768003829485]\n",
      "[0.20825989923158825, 0.19647755414584045, 0.3610762257622006, 0.12360139378106663]\n",
      "[0.2071107556284036, 0.200911257811671, 0.359927082159016, 0.126390577283942]\n",
      "[0.20597158983771252, 0.20530646440567585, 0.3587879163683249, 0.12915554279532807]\n",
      "[0.2048422753883115, 0.20966366188761673, 0.3576586019189239, 0.13189659728416547]\n",
      "[1, 40]\n",
      "[0.42352, 0, 0.25154796612522556, 0]\n",
      "[0.4216878857114283, 0.004325921535161791, 0.24971585183665385, 0.007283359578664448]\n",
      "[0.41987698322779693, 0.00860175852900243, 0.24790494935302246, 0.01448239406710028]\n",
      "[0.41808693351112686, 0.012828358728922323, 0.24611489963635239, 0.021598530779487576]\n",
      "[0.41631738558804826, 0.017006550840460412, 0.24434535171327376, 0.028633164970080456]\n",
      "[0.414567996324366, 0.021137145059581815, 0.24259596244959147, 0.035587660729395856]\n",
      "[0.41283843020715194, 0.025220933587193305, 0.24086639633237744, 0.04246335185048012]\n",
      "[0.41112835913407275, 0.029258691126575618, 0.23915632525929825, 0.049261542666413374]\n",
      "[0.40943746220967314, 0.03325117536439115, 0.23746542833489862, 0.05598350886016059]\n",
      "[0.40776542554834905, 0.03719912743589684, 0.23579339167357452, 0.06263049824782957]\n",
      "[0.4061119420837552, 0.0411032723749644, 0.23413990820898062, 0.06920373153634982]\n",
      "[0.40447671138440255, 0.04496431954948416, 0.232504677509628, 0.07570440305654234]\n",
      "[0.4028594394752134, 0.04878296308270368, 0.23088740560043886, 0.08213368147250864]\n",
      "[0.4012598386648091, 0.05255988226102892, 0.22928780479003455, 0.08849271046822707]\n",
      "[0.39967762737831763, 0.05629574192879295, 0.22770559350354314, 0.09478260941220726]\n",
      "[0.39811252999549607, 0.05999119287047595, 0.22614049612072154, 0.10100447400101673]\n",
      "[0.39656427669397076, 0.06364687218083981, 0.22459224281919624, 0.10715937688245981]\n",
      "[0.39503260329740875, 0.06726340362342102, 0.22306056942263425, 0.11324836825915613]\n",
      "[0.3935172511284391, 0.07084139797780727, 0.22154521725366458, 0.11927247647323443]\n",
      "[0.392017966866152, 0.07438145337610513, 0.22004593299137745, 0.12523270857282826]\n",
      "[0.39053450240801024, 0.07788415562898988, 0.21856246853323572, 0.13113005086103127]\n",
      "[0.3890666147360143, 0.08135007854171178, 0.21709458086123973, 0.13696546942794283]\n",
      "[0.38761406578696844, 0.08477978422041844, 0.2156420319121939, 0.1427399106664092]\n",
      "[0.3861766223267028, 0.08817382336913787, 0.21420458845192825, 0.14845430177204058]\n",
      "[0.3847540558281102, 0.09153273557775289, 0.21278202195333562, 0.15410955122806064]\n",
      "[0.38334614235286407, 0.09485704960128451, 0.21137410847808952, 0.15970654927552339]\n",
      "[0.3819526624366884, 0.0981472836307888, 0.20998062856191385, 0.16524616836941006]\n",
      "[0.38057340097805525, 0.1014039455561599, 0.20860136710328067, 0.17072926362109875]\n",
      "[0.3792081471301913, 0.10462753322112012, 0.20723611325541672, 0.1761566732276797]\n",
      "[0.3778566941962793, 0.10781853467066677, 0.2058846603215047, 0.18152921888857051]\n",
      "[0.3765188395277441, 0.11097742839123527, 0.20454680565296954, 0.18684770620986796]\n",
      "[0.3751943844255183, 0.1141046835438274, 0.20322235055074372, 0.1921129250968554]\n",
      "[0.37388313404418555, 0.11720076019034409, 0.20191110016941097, 0.1973256501350693]\n",
      "[0.3725848972989048, 0.12026610951335302, 0.20061286342413023, 0.20248664096031196]\n",
      "[0, 33]\n",
      "[0.25154796612522556, 0, 0.42352, 0]\n",
      "[0.24971585183665385, 0.007283359578664448, 0.4216878857114283, 0.004325921535161791]\n",
      "[0.24790494935302246, 0.01448239406710028, 0.41987698322779693, 0.00860175852900243]\n",
      "[0.24611489963635239, 0.021598530779487576, 0.41808693351112686, 0.012828358728922323]\n",
      "[0.24434535171327376, 0.028633164970080456, 0.41631738558804826, 0.017006550840460412]\n",
      "[0.24259596244959147, 0.035587660729395856, 0.414567996324366, 0.021137145059581815]\n",
      "[0.24086639633237744, 0.04246335185048012, 0.41283843020715194, 0.025220933587193305]\n",
      "[0.23915632525929825, 0.049261542666413374, 0.41112835913407275, 0.029258691126575618]\n",
      "[0.23746542833489862, 0.05598350886016059, 0.40943746220967314, 0.03325117536439115]\n",
      "[0.23579339167357452, 0.06263049824782957, 0.40776542554834905, 0.03719912743589684]\n",
      "[0.23413990820898062, 0.06920373153634982, 0.4061119420837552, 0.0411032723749644]\n",
      "[0.232504677509628, 0.07570440305654234, 0.40447671138440255, 0.04496431954948416]\n",
      "[0.23088740560043886, 0.08213368147250864, 0.4028594394752134, 0.04878296308270368]\n",
      "[0.22928780479003455, 0.08849271046822707, 0.4012598386648091, 0.05255988226102892]\n",
      "[0.22770559350354314, 0.09478260941220726, 0.39967762737831763, 0.05629574192879295]\n",
      "[0.22614049612072154, 0.10100447400101673, 0.39811252999549607, 0.05999119287047595]\n",
      "[0.22459224281919624, 0.10715937688245981, 0.39656427669397076, 0.06364687218083981]\n",
      "[0.22306056942263425, 0.11324836825915613, 0.39503260329740875, 0.06726340362342102]\n",
      "[0.22154521725366458, 0.11927247647323443, 0.3935172511284391, 0.07084139797780727]\n",
      "[0.22004593299137745, 0.12523270857282826, 0.392017966866152, 0.07438145337610513]\n",
      "[0.21856246853323572, 0.13113005086103127, 0.39053450240801024, 0.07788415562898988]\n",
      "[0.21709458086123973, 0.13696546942794283, 0.3890666147360143, 0.08135007854171178]\n",
      "[0.2156420319121939, 0.1427399106664092, 0.38761406578696844, 0.08477978422041844]\n",
      "[0.21420458845192825, 0.14845430177204058, 0.3861766223267028, 0.08817382336913787]\n",
      "[0.21278202195333562, 0.15410955122806064, 0.3847540558281102, 0.09153273557775289]\n",
      "[0.21137410847808952, 0.15970654927552339, 0.38334614235286407, 0.09485704960128451]\n",
      "[0.20998062856191385, 0.16524616836941006, 0.3819526624366884, 0.0981472836307888]\n",
      "[0.20860136710328067, 0.17072926362109875, 0.38057340097805525, 0.1014039455561599]\n",
      "[0.20723611325541672, 0.1761566732276797, 0.3792081471301913, 0.10462753322112012]\n",
      "[0.2058846603215047, 0.18152921888857051, 0.3778566941962793, 0.10781853467066677]\n",
      "[0.20454680565296954, 0.18684770620986796, 0.3765188395277441, 0.11097742839123527]\n",
      "[0.20322235055074372, 0.1921129250968554, 0.3751943844255183, 0.1141046835438274]\n",
      "[0.20191110016941097, 0.1973256501350693, 0.37388313404418555, 0.11720076019034409]\n",
      "[0.20061286342413023, 0.20248664096031196, 0.3725848972989048, 0.12026610951335302]\n",
      "[1, 33]\n",
      "[0.43457920000000005, 0, 0.24375642801893765, 0]\n",
      "[0.43255778625898733, 0.004651427728277599, 0.24173501427792496, 0.008292760758931253]\n",
      "[0.4305624601060982, 0.009242825919652382, 0.23973968812503585, 0.016478498337650947]\n",
      "[0.4285927319261114, 0.013775321216221543, 0.23776995994504907, 0.024559221361019824]\n",
      "[0.42664812428938603, 0.018250012220129206, 0.2358253523083237, 0.03253688846309235]\n",
      "[0.424728171574604, 0.02266797036166472, 0.2339053995935417, 0.04041340983479881]\n",
      "[0.4228324196054563, 0.027030240735276056, 0.232009647624394, 0.048190648714425126]\n",
      "[0.42096042530067396, 0.03133784290487449, 0.23013765331961164, 0.05587042282334387]\n",
      "[0.41911175633683606, 0.03559177167973972, 0.22828898435577374, 0.06345450574933048]\n",
      "[0.41728599082341256, 0.03979299786227098, 0.22646321884235027, 0.07094462827968544]\n",
      "[0.4154827169895271, 0.04394246896877, 0.2246599450084648, 0.07834247968627628]\n",
      "[0.41370153288194894, 0.04804110992438446, 0.22287876090088665, 0.08564970896451213]\n",
      "[0.41194204607384693, 0.05208982373328737, 0.22111927409278467, 0.0928679260281675]\n",
      "[0.41020387338386055, 0.05608949212511646, 0.2193811014027983, 0.09999870286188173]\n",
      "[0.40848664060506323, 0.06004097617864988, 0.21766386862400097, 0.10704357463307415]\n",
      "[0.4067899822434142, 0.06394511692364867, 0.215967210262352, 0.11400404076493412]\n",
      "[0.4051135412653132, 0.06780273592175319, 0.21429076928425092, 0.1208815659720676]\n",
      "[0.4034569688538893, 0.07161463582727985, 0.21263419687282706, 0.12767758126030915]\n",
      "[0.4018199241736751, 0.0753816009287255, 0.2109971521926129, 0.13439348489213865]\n",
      "[0.4002020741433289, 0.07910439767174997, 0.20937930216226672, 0.14103064331907655]\n",
      "[0.3986030932160871, 0.08278377516437223, 0.20778032123502493, 0.1475903920823689]\n",
      "[0.3970226631676408, 0.08642046566508257, 0.20619989118657864, 0.15407403668321412]\n",
      "[0.3954604728911452, 0.0900151850545415, 0.2046377009100831, 0.16048285342372764]\n",
      "[0.39391621819908373, 0.09356863329150605, 0.20309344621802164, 0.1668180902197866]\n",
      "[0.3923896016317199, 0.09708149485359617, 0.20156682965065775, 0.17308096738684647]\n",
      "[0.39088033227188335, 0.1005544391634861, 0.20005756029082125, 0.1792726783997731]\n",
      "[0.38938812556584695, 0.10398812100108067, 0.1985653535847849, 0.18539439062768795]\n",
      "[0.3879127031500614, 0.1073831809022116, 0.19708993116899934, 0.19144724604478053]\n",
      "[0.38645379268352575, 0.1107402455443657, 0.19563102070246371, 0.1974323619180008]\n",
      "[0, 28]\n",
      "[0.24375642801893765, 0, 0.43457920000000005, 0]\n",
      "[0.24173501427792496, 0.008292760758931253, 0.43255778625898733, 0.004651427728277599]\n",
      "[0.23973968812503585, 0.016478498337650947, 0.4305624601060982, 0.009242825919652382]\n",
      "[0.23776995994504907, 0.024559221361019824, 0.4285927319261114, 0.013775321216221543]\n",
      "[0.2358253523083237, 0.03253688846309235, 0.42664812428938603, 0.018250012220129206]\n",
      "[0.2339053995935417, 0.04041340983479881, 0.424728171574604, 0.02266797036166472]\n",
      "[0.232009647624394, 0.048190648714425126, 0.4228324196054563, 0.027030240735276056]\n",
      "[0.23013765331961164, 0.05587042282334387, 0.42096042530067396, 0.03133784290487449]\n",
      "[0.22828898435577374, 0.06345450574933048, 0.41911175633683606, 0.03559177167973972]\n",
      "[0.22646321884235027, 0.07094462827968544, 0.41728599082341256, 0.03979299786227098]\n",
      "[0.2246599450084648, 0.07834247968627628, 0.4154827169895271, 0.04394246896877]\n",
      "[0.22287876090088665, 0.08564970896451213, 0.41370153288194894, 0.04804110992438446]\n",
      "[0.22111927409278467, 0.0928679260281675, 0.41194204607384693, 0.05208982373328737]\n",
      "[0.2193811014027983, 0.09999870286188173, 0.41020387338386055, 0.05608949212511646]\n",
      "[0.21766386862400097, 0.10704357463307415, 0.40848664060506323, 0.06004097617864988]\n",
      "[0.215967210262352, 0.11400404076493412, 0.4067899822434142, 0.06394511692364867]\n",
      "[0.21429076928425092, 0.1208815659720676, 0.4051135412653132, 0.06780273592175319]\n",
      "[0.21263419687282706, 0.12767758126030915, 0.4034569688538893, 0.07161463582727985]\n",
      "[0.2109971521926129, 0.13439348489213865, 0.4018199241736751, 0.0753816009287255]\n",
      "[0.20937930216226672, 0.14103064331907655, 0.4002020741433289, 0.07910439767174997]\n",
      "[0.20778032123502493, 0.1475903920823689, 0.3986030932160871, 0.08278377516437223]\n",
      "[0.20619989118657864, 0.15407403668321412, 0.3970226631676408, 0.08642046566508257]\n",
      "[0.2046377009100831, 0.16048285342372764, 0.3954604728911452, 0.0900151850545415]\n",
      "[0.20309344621802164, 0.1668180902197866, 0.39391621819908373, 0.09356863329150605]\n",
      "[0.20156682965065775, 0.17308096738684647, 0.3923896016317199, 0.09708149485359617]\n",
      "[0.20005756029082125, 0.1792726783997731, 0.39088033227188335, 0.1005544391634861]\n",
      "[0.1985653535847849, 0.18539439062768795, 0.38938812556584695, 0.10398812100108067]\n",
      "[0.19708993116899934, 0.19144724604478053, 0.3879127031500614, 0.1073831809022116]\n",
      "[0.19563102070246371, 0.1974323619180008, 0.38645379268352575, 0.1107402455443657]\n",
      "[1, 28]\n",
      "[0.445196032, 0, 0.23580587893088878, 0]\n",
      "[0.4429978574893535, 0.004937542908393512, 0.23360770442024226, 0.009321966528624097]\n",
      "[0.4408309266921673, 0.0098049061403871, 0.231440773623056, 0.01851143545539897]\n",
      "[0.4386945974668312, 0.014603532075436059, 0.22930444439771994, 0.027571129959293054]\n",
      "[0.4365882451593345, 0.019334823812323598, 0.2271980920902232, 0.036503699058276634]\n",
      "[0.4345112620110936, 0.024000146499298724, 0.2251211089419823, 0.045311720120591356]\n",
      "[0.4324630565907076, 0.028600828610468122, 0.2230729035215963, 0.0539977012745485]\n",
      "[0.43044305324851967, 0.033138163170961056, 0.2210529001794084, 0.06256408372161187]\n",
      "[0.42845069159292287, 0.03761340893325213, 0.2190605385238116, 0.07101324395726796]\n",
      "[0.4264854259874046, 0.04202779150690067, 0.21709527291829334, 0.07934749590394767]\n",
      "[0.4245467250673771, 0.04638250444384676, 0.21515657199826588, 0.08756909296004003]\n",
      "[0.42263407127589114, 0.050678710281292234, 0.2132439182067799, 0.09568022996882738]\n",
      "[0.42074696041737614, 0.05491754154408976, 0.2113568073482649, 0.10368304511097273]\n",
      "[0.4188849012285954, 0.059100101708464095, 0.20949474815948418, 0.11157962172400308]\n",
      "[0.4170474149660456, 0.06322746612879612, 0.20765726189693437, 0.11937199005205627]\n",
      "[0.4152340350090691, 0.06730068292911236, 0.20584388193995784, 0.1270621289289924]\n",
      "[0.41344430647798497, 0.07132077386083946, 0.20405415340887376, 0.1346519673978146]\n",
      "[0.41167778586657955, 0.07528873512830513, 0.20228763279746834, 0.14214338626919545]\n",
      "[0.4099340406883291, 0.07920553818339268, 0.20054388761921788, 0.14953821962176647]\n",
      "[0.40821264913576, 0.08307213049068689, 0.19882249606664876, 0.15683825624669567]\n",
      "[0.40651319975237993, 0.08688943626438268, 0.1971230466832687, 0.16404524103895415]\n",
      "[0.40483529111664174, 0.0906583571781661, 0.1954451380475305, 0.17116087633755483]\n",
      "[0.40317853153742766, 0.09437977304921794, 0.1937883784683164, 0.17818682321693552]\n",
      "[0.40154253876056667, 0.09805454249743485, 0.1921523856914554, 0.18512470273155307]\n",
      "[0.399926939685921, 0.10168350358091018, 0.19053678661680976, 0.19197609711565639]\n",
      "[0, 24]\n",
      "[0.23580587893088878, 0, 0.445196032, 0]\n",
      "[0.23360770442024226, 0.009321966528624097, 0.4429978574893535, 0.004937542908393512]\n",
      "[0.231440773623056, 0.01851143545539897, 0.4408309266921673, 0.0098049061403871]\n",
      "[0.22930444439771994, 0.027571129959293054, 0.4386945974668312, 0.014603532075436059]\n",
      "[0.2271980920902232, 0.036503699058276634, 0.4365882451593345, 0.019334823812323598]\n",
      "[0.2251211089419823, 0.045311720120591356, 0.4345112620110936, 0.024000146499298724]\n",
      "[0.2230729035215963, 0.0539977012745485, 0.4324630565907076, 0.028600828610468122]\n",
      "[0.2210529001794084, 0.06256408372161187, 0.43044305324851967, 0.033138163170961056]\n",
      "[0.2190605385238116, 0.07101324395726796, 0.42845069159292287, 0.03761340893325213]\n",
      "[0.21709527291829334, 0.07934749590394767, 0.4264854259874046, 0.04202779150690067]\n",
      "[0.21515657199826588, 0.08756909296004003, 0.4245467250673771, 0.04638250444384676]\n",
      "[0.2132439182067799, 0.09568022996882738, 0.42263407127589114, 0.050678710281292234]\n",
      "[0.2113568073482649, 0.10368304511097273, 0.42074696041737614, 0.05491754154408976]\n",
      "[0.20949474815948418, 0.11157962172400308, 0.4188849012285954, 0.059100101708464095]\n",
      "[0.20765726189693437, 0.11937199005205627, 0.4170474149660456, 0.06322746612879612]\n",
      "[0.20584388193995784, 0.1270621289289924, 0.4152340350090691, 0.06730068292911236]\n",
