{
 "cells": [
  {
   "cell_type": "code",
   "execution_count": 1,
   "metadata": {},
   "outputs": [
    {
     "data": {
      "text/html": [
       "<script type=\"text/javascript\">window.PlotlyConfig = {MathJaxConfig: 'local'};</script><script type=\"text/javascript\">if (window.MathJax) {MathJax.Hub.Config({SVG: {font: \"STIX-Web\"}});}</script><script>requirejs.config({paths: { 'plotly': ['https://cdn.plot.ly/plotly-latest.min']},});if(!window._Plotly) {require(['plotly'],function(plotly) {window._Plotly=plotly;});}</script>"
      ],
      "text/vnd.plotly.v1+html": [
       "<script type=\"text/javascript\">window.PlotlyConfig = {MathJaxConfig: 'local'};</script><script type=\"text/javascript\">if (window.MathJax) {MathJax.Hub.Config({SVG: {font: \"STIX-Web\"}});}</script><script>requirejs.config({paths: { 'plotly': ['https://cdn.plot.ly/plotly-latest.min']},});if(!window._Plotly) {require(['plotly'],function(plotly) {window._Plotly=plotly;});}</script>"
      ]
     },
     "metadata": {},
     "output_type": "display_data"
    }
   ],
   "source": [
    "#### Import plotting library ####\n",
    "\n",
    "from plotly.offline import download_plotlyjs, init_notebook_mode, plot, iplot\n",
    "import plotly.graph_objs as go\n",
    "init_notebook_mode(connected=True)"
   ]
  },
  {
   "cell_type": "code",
   "execution_count": 2,
   "metadata": {},
   "outputs": [
    {
     "name": "stdout",
     "output_type": "stream",
     "text": [
      "✅ Successfully imported skill.py\n",
      "✅ Successfully imported workplace.py\n",
      "✅ Successfully imported task.py\n",
      "✅ Successfully imported timeline.py\n",
      "✅ Successfully imported agent.py\n",
      "✅ Successfully imported PARAMETERS.py\n"
     ]
    }
   ],
   "source": [
    "#### Import class definitions ####\n",
    "\n",
    "# List existing classes\n",
    "from os import listdir\n",
    "from os.path import isfile, join\n",
    "classes = [f for f in listdir('classes') if isfile(join('classes', f))]\n",
    "\n",
    "# Import procedure\n",
    "for _class in classes:\n",
    "    %run classes/$_class\n",
    "    print('✅ Successfully imported ' + _class)"
   ]
  },
  {
   "cell_type": "code",
   "execution_count": 3,
   "metadata": {},
   "outputs": [
    {
     "data": {
      "application/vnd.plotly.v1+json": {
       "config": {
        "linkText": "Export to plot.ly",
        "plotlyServerURL": "https://plot.ly",
        "showLink": true
       },
       "data": [
        {
         "mode": "text",
         "text": [
          "Agent -1<br><b>T-1 | A-1</b>",
          "Agent -1<br><b>T-1 | A-1</b>",
          "Agent -1<br><b>T-1 | A-1</b>",
          "Agent -1<br><b>T-1 | A-1</b>",
          "Agent -1<br><b>T-1 | A-1</b>",
          "Agent -1<br><b>T-1 | A-1</b>"
         ],
         "type": "scatter",
         "uid": "a491a785-fd3d-4af3-834b-3e4fdfd4851c",
         "x": [
          0.5,
          2.5,
          4,
          5.5,
          5.5,
          8.5
         ],
         "y": [
          0.5,
          1.5,
          2.5,
          3.5,
          4.5,
          5.5
         ]
        }
       ],
       "layout": {
        "shapes": [
         {
          "fillcolor": "rgba(53, 208, 255, 0.7)",
          "line": {
           "color": "rgba(53, 208, 255, 1)",
           "width": 2
          },
          "type": "rect",
          "x0": 0,
          "x1": 1,
          "y0": 0,
          "y1": 1
         },
         {
          "fillcolor": "rgba(53, 208, 255, 0.7)",
          "line": {
           "color": "rgba(53, 208, 255, 1)",
           "width": 2
          },
          "type": "rect",
          "x0": 2,
          "x1": 3,
          "y0": 1,
          "y1": 2
         },
         {
          "fillcolor": "rgba(53, 208, 255, 0.7)",
          "line": {
           "color": "rgba(53, 208, 255, 1)",
           "width": 2
          },
          "type": "rect",
          "x0": 3,
          "x1": 5,
          "y0": 2,
          "y1": 3
         },
         {
          "fillcolor": "rgba(53, 208, 255, 0.7)",
          "line": {
           "color": "rgba(53, 208, 255, 1)",
           "width": 2
          },
          "type": "rect",
          "x0": 4,
          "x1": 7,
          "y0": 3,
          "y1": 4
         },
         {
          "fillcolor": "rgba(53, 208, 255, 0.7)",
          "line": {
           "color": "rgba(53, 208, 255, 1)",
           "width": 2
          },
          "type": "rect",
          "x0": 5,
          "x1": 6,
          "y0": 4,
          "y1": 5
         },
         {
          "fillcolor": "rgba(53, 208, 255, 0.7)",
          "line": {
           "color": "rgba(53, 208, 255, 1)",
           "width": 2
          },
          "type": "rect",
          "x0": 7,
          "x1": 10,
          "y0": 5,
          "y1": 6
         }
        ],
        "xaxis": {
         "autorange": true,
         "showgrid": false
        },
        "yaxis": {
         "range": [
          0,
          8
         ]
        }
       }
      },
      "text/html": [
       "<div id=\"1d4f79d6-c130-4e58-befb-7281aeda4ac1\" style=\"height: 525px; width: 100%;\" class=\"plotly-graph-div\"></div><script type=\"text/javascript\">require([\"plotly\"], function(Plotly) { window.PLOTLYENV=window.PLOTLYENV || {};window.PLOTLYENV.BASE_URL=\"https://plot.ly\";Plotly.newPlot(\"1d4f79d6-c130-4e58-befb-7281aeda4ac1\", [{\"mode\": \"text\", \"text\": [\"Agent -1<br><b>T-1 | A-1</b>\", \"Agent -1<br><b>T-1 | A-1</b>\", \"Agent -1<br><b>T-1 | A-1</b>\", \"Agent -1<br><b>T-1 | A-1</b>\", \"Agent -1<br><b>T-1 | A-1</b>\", \"Agent -1<br><b>T-1 | A-1</b>\"], \"x\": [0.5, 2.5, 4.0, 5.5, 5.5, 8.5], \"y\": [0.5, 1.5, 2.5, 3.5, 4.5, 5.5], \"type\": \"scatter\", \"uid\": \"896f06e8-e704-4d81-ba77-65f8ee2f1e7c\"}], {\"shapes\": [{\"fillcolor\": \"rgba(53, 208, 255, 0.7)\", \"line\": {\"color\": \"rgba(53, 208, 255, 1)\", \"width\": 2}, \"type\": \"rect\", \"x0\": 0, \"x1\": 1, \"y0\": 0, \"y1\": 1}, {\"fillcolor\": \"rgba(53, 208, 255, 0.7)\", \"line\": {\"color\": \"rgba(53, 208, 255, 1)\", \"width\": 2}, \"type\": \"rect\", \"x0\": 2, \"x1\": 3, \"y0\": 1, \"y1\": 2}, {\"fillcolor\": \"rgba(53, 208, 255, 0.7)\", \"line\": {\"color\": \"rgba(53, 208, 255, 1)\", \"width\": 2}, \"type\": \"rect\", \"x0\": 3, \"x1\": 5, \"y0\": 2, \"y1\": 3}, {\"fillcolor\": \"rgba(53, 208, 255, 0.7)\", \"line\": {\"color\": \"rgba(53, 208, 255, 1)\", \"width\": 2}, \"type\": \"rect\", \"x0\": 4, \"x1\": 7, \"y0\": 3, \"y1\": 4}, {\"fillcolor\": \"rgba(53, 208, 255, 0.7)\", \"line\": {\"color\": \"rgba(53, 208, 255, 1)\", \"width\": 2}, \"type\": \"rect\", \"x0\": 5, \"x1\": 6, \"y0\": 4, \"y1\": 5}, {\"fillcolor\": \"rgba(53, 208, 255, 0.7)\", \"line\": {\"color\": \"rgba(53, 208, 255, 1)\", \"width\": 2}, \"type\": \"rect\", \"x0\": 7, \"x1\": 10, \"y0\": 5, \"y1\": 6}], \"xaxis\": {\"autorange\": true, \"showgrid\": false}, \"yaxis\": {\"range\": [0, 8]}}, {\"showLink\": true, \"linkText\": \"Export to plot.ly\", \"plotlyServerURL\": \"https://plot.ly\"})});</script><script type=\"text/javascript\">window.addEventListener(\"resize\", function(){window._Plotly.Plots.resize(document.getElementById(\"1d4f79d6-c130-4e58-befb-7281aeda4ac1\"));});</script>"
      ],
      "text/vnd.plotly.v1+html": [
       "<div id=\"1d4f79d6-c130-4e58-befb-7281aeda4ac1\" style=\"height: 525px; width: 100%;\" class=\"plotly-graph-div\"></div><script type=\"text/javascript\">require([\"plotly\"], function(Plotly) { window.PLOTLYENV=window.PLOTLYENV || {};window.PLOTLYENV.BASE_URL=\"https://plot.ly\";Plotly.newPlot(\"1d4f79d6-c130-4e58-befb-7281aeda4ac1\", [{\"mode\": \"text\", \"text\": [\"Agent -1<br><b>T-1 | A-1</b>\", \"Agent -1<br><b>T-1 | A-1</b>\", \"Agent -1<br><b>T-1 | A-1</b>\", \"Agent -1<br><b>T-1 | A-1</b>\", \"Agent -1<br><b>T-1 | A-1</b>\", \"Agent -1<br><b>T-1 | A-1</b>\"], \"x\": [0.5, 2.5, 4.0, 5.5, 5.5, 8.5], \"y\": [0.5, 1.5, 2.5, 3.5, 4.5, 5.5], \"type\": \"scatter\", \"uid\": \"896f06e8-e704-4d81-ba77-65f8ee2f1e7c\"}], {\"shapes\": [{\"fillcolor\": \"rgba(53, 208, 255, 0.7)\", \"line\": {\"color\": \"rgba(53, 208, 255, 1)\", \"width\": 2}, \"type\": \"rect\", \"x0\": 0, \"x1\": 1, \"y0\": 0, \"y1\": 1}, {\"fillcolor\": \"rgba(53, 208, 255, 0.7)\", \"line\": {\"color\": \"rgba(53, 208, 255, 1)\", \"width\": 2}, \"type\": \"rect\", \"x0\": 2, \"x1\": 3, \"y0\": 1, \"y1\": 2}, {\"fillcolor\": \"rgba(53, 208, 255, 0.7)\", \"line\": {\"color\": \"rgba(53, 208, 255, 1)\", \"width\": 2}, \"type\": \"rect\", \"x0\": 3, \"x1\": 5, \"y0\": 2, \"y1\": 3}, {\"fillcolor\": \"rgba(53, 208, 255, 0.7)\", \"line\": {\"color\": \"rgba(53, 208, 255, 1)\", \"width\": 2}, \"type\": \"rect\", \"x0\": 4, \"x1\": 7, \"y0\": 3, \"y1\": 4}, {\"fillcolor\": \"rgba(53, 208, 255, 0.7)\", \"line\": {\"color\": \"rgba(53, 208, 255, 1)\", \"width\": 2}, \"type\": \"rect\", \"x0\": 5, \"x1\": 6, \"y0\": 4, \"y1\": 5}, {\"fillcolor\": \"rgba(53, 208, 255, 0.7)\", \"line\": {\"color\": \"rgba(53, 208, 255, 1)\", \"width\": 2}, \"type\": \"rect\", \"x0\": 7, \"x1\": 10, \"y0\": 5, \"y1\": 6}], \"xaxis\": {\"autorange\": true, \"showgrid\": false}, \"yaxis\": {\"range\": [0, 8]}}, {\"showLink\": true, \"linkText\": \"Export to plot.ly\", \"plotlyServerURL\": \"https://plot.ly\"})});</script><script type=\"text/javascript\">window.addEventListener(\"resize\", function(){window._Plotly.Plots.resize(document.getElementById(\"1d4f79d6-c130-4e58-befb-7281aeda4ac1\"));});</script>"
      ]
     },
     "metadata": {},
     "output_type": "display_data"
    }
   ],
   "source": [
    "t = Timeline()\n",
    "\n",
    "t.events.append(Event(0, 1))\n",
    "t.events.append(Event(2, 1))\n",
    "t.events.append(Event(3, 2))\n",
    "t.events.append(Event(4, 3))\n",
    "t.events.append(Event(5, 1))\n",
    "t.events.append(Event(7, 3))\n",
    "\n",
    "t.plot_gantt()"
   ]
  },
  {
   "cell_type": "code",
   "execution_count": 4,
   "metadata": {},
   "outputs": [
    {
     "name": "stdout",
     "output_type": "stream",
     "text": [
      "Reading from input file inputs/sample1.json...\n",
      "\n",
      "task_unit_duration: 10\n",
      "alpha_e: 0.5\n",
      "alpha_m: 0.5\n",
      "alpha_h: 0\n",
      "lam_learn: 1\n",
      "lam_motiv: 0\n",
      "mu_learn: 0.5\n",
      "mu_motiv: 0\n",
      "th_e: 10\n",
      "th_m: 10\n",
      "max_e: 25\n",
      "max_m: 25\n",
      "excite: 0.1\n",
      "inhibit: 0.1\n",
      "Time elapsed:\n",
      "0 time units.\n",
      "\n",
      "Completed tasks:\n",
      "Current task:\n",
      "None\n",
      "Future tasks:\n",
      "--- TASK 0 ---\n",
      "\tAction 0 | Skill ID 0 | Duration 50 | Completion 0\n",
      "\tAction 1 | Skill ID 1 | Duration 50 | Completion 0\n",
      "\n",
      "Currently employed agents:\n",
      "--- AGENT 0 ---\n",
      "Short-term memory:\n",
      "\n",
      "Long-term memory:\n",
      "< skill_id: 0, expertise: [16], motivation: [16] >\n",
      "< skill_id: 1, expertise: [14], motivation: [14] >\n",
      "Current action:\n",
      "[]\n",
      "Action history:\n",
      "[]\n",
      "\n",
      "--- AGENT 1 ---\n",
      "Short-term memory:\n",
      "\n",
      "Long-term memory:\n",
      "< skill_id: 0, expertise: [14], motivation: [14] >\n",
      "< skill_id: 1, expertise: [16], motivation: [16] >\n",
      "Current action:\n",
      "[]\n",
      "Action history:\n",
      "[]\n",
      "\n",
      "History:\n"
     ]
    },
    {
     "data": {
      "application/vnd.plotly.v1+json": {
       "config": {
        "linkText": "Export to plot.ly",
        "plotlyServerURL": "https://plot.ly",
        "showLink": true
       },
       "data": [
        {
         "mode": "text",
         "text": [],
         "type": "scatter",
         "uid": "a66d6343-55ca-406b-b9fd-840fce9dc6ed",
         "x": [],
         "y": []
        }
       ],
       "layout": {
        "xaxis": {
         "autorange": true,
         "showgrid": false
        },
        "yaxis": {
         "range": [
          0,
          2
         ]
        }
       }
      },
      "text/html": [
       "<div id=\"268fc566-fd7e-4323-be04-89d3abcc250d\" style=\"height: 525px; width: 100%;\" class=\"plotly-graph-div\"></div><script type=\"text/javascript\">require([\"plotly\"], function(Plotly) { window.PLOTLYENV=window.PLOTLYENV || {};window.PLOTLYENV.BASE_URL=\"https://plot.ly\";Plotly.newPlot(\"268fc566-fd7e-4323-be04-89d3abcc250d\", [{\"mode\": \"text\", \"text\": [], \"x\": [], \"y\": [], \"type\": \"scatter\", \"uid\": \"a3614284-9f78-4d3b-846a-3cbbc7ac7c40\"}], {\"xaxis\": {\"autorange\": true, \"showgrid\": false}, \"yaxis\": {\"range\": [0, 2]}}, {\"showLink\": true, \"linkText\": \"Export to plot.ly\", \"plotlyServerURL\": \"https://plot.ly\"})});</script><script type=\"text/javascript\">window.addEventListener(\"resize\", function(){window._Plotly.Plots.resize(document.getElementById(\"268fc566-fd7e-4323-be04-89d3abcc250d\"));});</script>"
      ],
      "text/vnd.plotly.v1+html": [
       "<div id=\"268fc566-fd7e-4323-be04-89d3abcc250d\" style=\"height: 525px; width: 100%;\" class=\"plotly-graph-div\"></div><script type=\"text/javascript\">require([\"plotly\"], function(Plotly) { window.PLOTLYENV=window.PLOTLYENV || {};window.PLOTLYENV.BASE_URL=\"https://plot.ly\";Plotly.newPlot(\"268fc566-fd7e-4323-be04-89d3abcc250d\", [{\"mode\": \"text\", \"text\": [], \"x\": [], \"y\": [], \"type\": \"scatter\", \"uid\": \"a3614284-9f78-4d3b-846a-3cbbc7ac7c40\"}], {\"xaxis\": {\"autorange\": true, \"showgrid\": false}, \"yaxis\": {\"range\": [0, 2]}}, {\"showLink\": true, \"linkText\": \"Export to plot.ly\", \"plotlyServerURL\": \"https://plot.ly\"})});</script><script type=\"text/javascript\">window.addEventListener(\"resize\", function(){window._Plotly.Plots.resize(document.getElementById(\"268fc566-fd7e-4323-be04-89d3abcc250d\"));});</script>"
      ]
     },
     "metadata": {},
     "output_type": "display_data"
    }
   ],
   "source": [
    "input_file = None\n",
    "input_file = 'inputs/sample1.json'\n",
    "#input_file = 'inputs/Exp1a_Zoethout.json'\n",
    "#input_file = 'inputs/Exp1b_Zoethout.json'\n",
    "\n",
    "my_workplace = Workplace(input_file)\n",
    "\n",
    "my_workplace.print_params()\n",
    "my_workplace.print_current_state()"
   ]
  },
  {
   "cell_type": "markdown",
   "metadata": {},
   "source": [
    "a0 = my_workplace.agents[0]\n",
    "a1 = my_workplace.agents[1]\n",
    "\n",
    "i0, you0 = a0.get_initial_i_you(my_workplace, 0)\n",
    "i1, you1 = a1.get_initial_i_you(my_workplace, 0)\n",
    "inh, exc = .1, .1\n",
    "\n",
    "negotiate(i0, you0, i1, you1, inh, exc)\n",
    "input()"
   ]
  },
  {
   "cell_type": "code",
   "execution_count": 5,
   "metadata": {},
   "outputs": [
    {
     "name": "stdout",
     "output_type": "stream",
     "text": [
      "[0.4, 0, 0.26666666666666666, 0]\n",
      "[0.3985777777777778, 0.0035555555555555566, 0.26524444444444445, 0.005333333333333336]\n",
      "[0.3971681705613169, 0.007079573596707821, 0.26383483722798357, 0.010619360395061733]\n",
      "[0.3957710132328878, 0.010572466917780523, 0.26243767989955447, 0.015858700376670788]\n",
      "[0.39438614354643003, 0.01403464113392502, 0.2610528102130967, 0.021051961700887536]\n",
      "[0.393013402065338, 0.017466494836655064, 0.25968006873200467, 0.026199742254982603]\n",
      "[0.391652632101859, 0.020868419745352595, 0.25831929876852566, 0.031302629618028904]\n",
      "[0.3903036796580537, 0.024240800854865914, 0.2569703463247203, 0.03636120128229889]\n",
      "[0.3889663933682731, 0.02758401657931734, 0.25563306003493974, 0.04137602486897603]\n",
      "[0.3876406244431066, 0.03089843889223353, 0.25430729110977324, 0.04634765833835031]\n",
      "[0.3863262266147569, 0.034184433463107775, 0.25299289328142355, 0.05127665019466168]\n",
      "[0.38502305608380005, 0.03744235979049985, 0.2516897227504667, 0.056163539685749796]\n",
      "[0.3837309714672898, 0.04067257133177548, 0.25039763813395643, 0.06100885699766325]\n",
      "[0.3824498337481664, 0.04387541562958408, 0.249116500414833, 0.06581312344437615]\n",
      "[0.381179506225932, 0.04705123443517001, 0.2478461728925986, 0.07057685165275504]\n",
      "[0.37991985446855614, 0.0502003638286096, 0.24658652113522278, 0.07530054574291442]\n",
      "[0.3786707462655748, 0.053323134336062984, 0.24533741293224143, 0.0799847015040945]\n",
      "[0.3774320515823492, 0.05641987104412689, 0.24409871824901586, 0.08462980656619036]\n",
      "[0.37620364251545124, 0.059490893711371826, 0.24287030918211788, 0.08923634056705776]\n",
      "[0.3749853932491424, 0.06253651687714405, 0.241652059915809, 0.09380477531571609]\n",
      "[0.37377718001291577, 0.06555704996771056, 0.24044384667958238, 0.09833557495156584]\n",
      "[0.3725788810400711, 0.0685527973998223, 0.23924554770673767, 0.10282919609973344]\n",
      "[0.3713903765272925, 0.07152405868176881, 0.23805704319395907, 0.10728608802265321]\n",
      "[0.3702115485952021, 0.07447112851199475, 0.2368782152618687, 0.11170669276799214]\n",
      "[0.36904228124986127, 0.07739429687534688, 0.23570894791652786, 0.11609144531302035]\n",
      "[0.367882460345193, 0.08029384913701755, 0.2345491270118596, 0.12044077370552636]\n",
      "[0.3667319735463005, 0.08317006613424889, 0.23339864021296705, 0.12475509920137337]\n",
      "[0.3655907102936562, 0.0860232242658597, 0.23225737696032273, 0.1290348363987896]\n",
      "[0.364458561768138, 0.08885359557965523, 0.2311252284348045, 0.13328039336948289]\n",
      "[0.3633354208568889, 0.09166144785777794, 0.23000208752355544, 0.13749217178666695]\n",
      "[0.3622211821199778, 0.09444704470005574, 0.2288878487866443, 0.14167056705008366]\n",
      "[0.36111574175783917, 0.09721064560540231, 0.22778240842450567, 0.1458159684081035]\n",
      "[0.36001899757947114, 0.09995250605132239, 0.22668566424613765, 0.14992875907698364]\n",
      "[0.35893084897137073, 0.10267287757157342, 0.22559751563803723, 0.1540093163573602]\n",
      "[0.3578511968671868, 0.10537200783203318, 0.22451786353385333, 0.15805801174804984]\n",
      "[0.3567799437180714, 0.10805014070482162, 0.22344661038473795, 0.1620752110572325]\n",
      "[0.3557169934637106, 0.11070751634072364, 0.22238366013037714, 0.16606127451108552]\n",
      "[0.3546622515040168, 0.11334437123995808, 0.22132891817068337, 0.1700165568599372]\n",
      "[0.3536156246714653, 0.11596093832133685, 0.22028229133813187, 0.17394140748200534]\n",
      "[0.3525770212040574, 0.11855744698985668, 0.21924368787072393, 0.17783617048478512]\n",
      "[0.351546350718894, 0.12113412320276508, 0.21821301738556056, 0.1817011848041477]\n",
      "[0.35052352418634397, 0.12369118953414016, 0.21719019085301053, 0.18553678430121032]\n",
      "[0.34950845390479063, 0.12622886523802354, 0.21617512057145716, 0.1893432978570354]\n",
      "[0.34850105347594246, 0.12874736631014394, 0.21516772014260901, 0.193121049465216]\n",
      "[0.3475012377806929, 0.13124690554826782, 0.21416790444735948, 0.1968703583224018]\n",
      "[0.34650892295551483, 0.13372769261121298, 0.21317558962218142, 0.20059153891681952]\n",
      "[0.3455240263693763, 0.13618993407655927, 0.2121906930360429, 0.20428490111483896]\n",
      "[0.344546466601164, 0.13863383349709, 0.21121313326783062, 0.20795075024563506]\n",
      "[0.34357616341760144, 0.1410595914559964, 0.21024283008426806, 0.21158938718399464]\n",
      "[0, 48]\n",
      "[0.26666666666666666, 0, 0.4, 0]\n",
      "[0.26524444444444445, 0.005333333333333336, 0.3985777777777778, 0.0035555555555555566]\n",
      "[0.26383483722798357, 0.010619360395061733, 0.3971681705613169, 0.007079573596707821]\n",
      "[0.26243767989955447, 0.015858700376670788, 0.3957710132328878, 0.010572466917780523]\n",
      "[0.2610528102130967, 0.021051961700887536, 0.39438614354643003, 0.01403464113392502]\n",
      "[0.25968006873200467, 0.026199742254982603, 0.393013402065338, 0.017466494836655064]\n",
      "[0.25831929876852566, 0.031302629618028904, 0.391652632101859, 0.020868419745352595]\n",
      "[0.2569703463247203, 0.03636120128229889, 0.3903036796580537, 0.024240800854865914]\n",
      "[0.25563306003493974, 0.04137602486897603, 0.3889663933682731, 0.02758401657931734]\n",
      "[0.25430729110977324, 0.04634765833835031, 0.3876406244431066, 0.03089843889223353]\n",
      "[0.25299289328142355, 0.05127665019466168, 0.3863262266147569, 0.034184433463107775]\n",
      "[0.2516897227504667, 0.056163539685749796, 0.38502305608380005, 0.03744235979049985]\n",
      "[0.25039763813395643, 0.06100885699766325, 0.3837309714672898, 0.04067257133177548]\n",
      "[0.249116500414833, 0.06581312344437615, 0.3824498337481664, 0.04387541562958408]\n",
      "[0.2478461728925986, 0.07057685165275504, 0.381179506225932, 0.04705123443517001]\n",
      "[0.24658652113522278, 0.07530054574291442, 0.37991985446855614, 0.0502003638286096]\n",
      "[0.24533741293224143, 0.0799847015040945, 0.3786707462655748, 0.053323134336062984]\n",
      "[0.24409871824901586, 0.08462980656619036, 0.3774320515823492, 0.05641987104412689]\n",
      "[0.24287030918211788, 0.08923634056705776, 0.37620364251545124, 0.059490893711371826]\n",
      "[0.241652059915809, 0.09380477531571609, 0.3749853932491424, 0.06253651687714405]\n",
      "[0.24044384667958238, 0.09833557495156584, 0.37377718001291577, 0.06555704996771056]\n",
      "[0.23924554770673767, 0.10282919609973344, 0.3725788810400711, 0.0685527973998223]\n",
      "[0.23805704319395907, 0.10728608802265321, 0.3713903765272925, 0.07152405868176881]\n",
      "[0.2368782152618687, 0.11170669276799214, 0.3702115485952021, 0.07447112851199475]\n",
      "[0.23570894791652786, 0.11609144531302035, 0.36904228124986127, 0.07739429687534688]\n",
      "[0.2345491270118596, 0.12044077370552636, 0.367882460345193, 0.08029384913701755]\n",
      "[0.23339864021296705, 0.12475509920137337, 0.3667319735463005, 0.08317006613424889]\n",
      "[0.23225737696032273, 0.1290348363987896, 0.3655907102936562, 0.0860232242658597]\n",
      "[0.2311252284348045, 0.13328039336948289, 0.364458561768138, 0.08885359557965523]\n",
      "[0.23000208752355544, 0.13749217178666695, 0.3633354208568889, 0.09166144785777794]\n",
      "[0.2288878487866443, 0.14167056705008366, 0.3622211821199778, 0.09444704470005574]\n",
      "[0.22778240842450567, 0.1458159684081035, 0.36111574175783917, 0.09721064560540231]\n",
      "[0.22668566424613765, 0.14992875907698364, 0.36001899757947114, 0.09995250605132239]\n",
      "[0.22559751563803723, 0.1540093163573602, 0.35893084897137073, 0.10267287757157342]\n",
      "[0.22451786353385333, 0.15805801174804984, 0.3578511968671868, 0.10537200783203318]\n",
      "[0.22344661038473795, 0.1620752110572325, 0.3567799437180714, 0.10805014070482162]\n",
      "[0.22238366013037714, 0.16606127451108552, 0.3557169934637106, 0.11070751634072364]\n",
      "[0.22132891817068337, 0.1700165568599372, 0.3546622515040168, 0.11334437123995808]\n",
      "[0.22028229133813187, 0.17394140748200534, 0.3536156246714653, 0.11596093832133685]\n",
      "[0.21924368787072393, 0.17783617048478512, 0.3525770212040574, 0.11855744698985668]\n",
      "[0.21821301738556056, 0.1817011848041477, 0.351546350718894, 0.12113412320276508]\n",
      "[0.21719019085301053, 0.18553678430121032, 0.35052352418634397, 0.12369118953414016]\n",
      "[0.21617512057145716, 0.1893432978570354, 0.34950845390479063, 0.12622886523802354]\n",
      "[0.21516772014260901, 0.193121049465216, 0.34850105347594246, 0.12874736631014394]\n",
      "[0.21416790444735948, 0.1968703583224018, 0.3475012377806929, 0.13124690554826782]\n",
      "[0.21317558962218142, 0.20059153891681952, 0.34650892295551483, 0.13372769261121298]\n",
      "[0.2121906930360429, 0.20428490111483896, 0.3455240263693763, 0.13618993407655927]\n",
      "[0.21121313326783062, 0.20795075024563506, 0.344546466601164, 0.13863383349709]\n",
      "[0.21024283008426806, 0.21158938718399464, 0.34357616341760144, 0.1410595914559964]\n",
      "[1, 48]\n",
      "[0.41200000000000003, 0, 0.24251700680272106, 0]\n",
      "[0.4103065766615762, 0.004110250821417003, 0.24082358346429725, 0.0069826993197278945]\n",
      "[0.4086318897814703, 0.008175024802256639, 0.2391488965841913, 0.01388814031203005]\n",
      "[0.4069756364574421, 0.012195057142130917, 0.23749264326016312, 0.02071757197071577]\n",
      "[0.4053375202865376, 0.016171067265685634, 0.23585452708925858, 0.02747221649029411]\n",
      "[0.4037172511915034, 0.020103759243923866, 0.23423425799422443, 0.03415326998173929]\n",
      "[0.4021145452527406, 0.023993822202086016, 0.23263155205546163, 0.04076190316541762]\n",
      "[0.4005291245455912, 0.02784193071458459, 0.23104613134831223, 0.04729926204202249]\n",
      "[0.3989607169827621, 0.03164874518747084, 0.2294777237854831, 0.05376646854232777]\n",
      "[0.3974090561616972, 0.03541491222889049, 0.2279260629644182, 0.06016462115653645]\n",
      "[0.3958738812167179, 0.0391410650079665, 0.22639088801943888, 0.0664947955439687]\n",
      "[0.39435493667575816, 0.04282782360252895, 0.22487194347847914, 0.07275804512380266]\n",
      "[0.3928519723215292, 0.04647579533609448, 0.22336897912425013, 0.07895540164755196]\n",
      "[0.3913647430569538, 0.05008557510448135, 0.22188174985967474, 0.08508787575393577]\n",
      "[0.3898930087747188, 0.05365774569243047, 0.2204100155774397, 0.09115645750677029]\n",
      "[0.38843653423079805, 0.05719287808058751, 0.218953541033519, 0.0971621169164854]\n",
      "[0.38699508892180706, 0.06069153174318703, 0.21751209572452798, 0.10310580444584522]\n",
      "[0.38556844696605264, 0.0641542549367657, 0.21608545376877358, 0.10898845150042862]\n",
      "[0.38415638698815, 0.06758158498021868, 0.21467339379087094, 0.114810970904403]\n",
      "[0.3827586920070818, 0.07097404852650079, 0.2132756988098027, 0.12057425736210367]\n",
      "[0.38137514932758027, 0.0743321618262618, 0.21189215613030116, 0.12627918790591086]\n",
      "[0.38000555043471806, 0.07765643098369436, 0.21052255723743893, 0.13192662233089672]\n",
      "[0.3786496908915972, 0.08094735220486143, 0.2091666976943181, 0.13751740361669654]\n",
      "[0.37730737024003086, 0.08420541203876035, 0.20782437704275172, 0.14305235833704028]\n",
      "[0.37597839190411564, 0.08743108761137013, 0.2064953987068365, 0.14853229705736395]\n",
      "[0.37466256309659735, 0.09062484685291944, 0.20517956989931818, 0.15395801472090373]\n",
      "[0.37335969472793556, 0.09378714871860333, 0.2038767015306564, 0.15933029102366053]\n",
      "[0.3720696013179773, 0.09691844340296811, 0.20258660812069812, 0.16464989077860775]\n",
      "[0.37079210091015186, 0.10001917254817545, 0.2013091077128727, 0.1699175642695008]\n",
      "[0.3695270149881044, 0.10308976944634882, 0.20004402179082525, 0.17513404759463325]\n",
      "[0.36827416839468674, 0.1061306592361975, 0.1987911751974076, 0.18030006300087156]\n",
      "[0.3670333892532283, 0.10914225909410634, 0.19755039605594915, 0.18541631920828788]\n",
      "[0.3658045088910128, 0.11212497841987218, 0.19632151569373363, 0.19048351172569833]\n",
      "[0.3645873617648885, 0.1150792190172612, 0.19510436856760935, 0.19550232315740293]\n",
      "[0, 33]\n",
      "[0.24251700680272106, 0, 0.41200000000000003, 0]\n",
      "[0.24082358346429725, 0.0069826993197278945, 0.4103065766615762, 0.004110250821417003]\n",
      "[0.2391488965841913, 0.01388814031203005, 0.4086318897814703, 0.008175024802256639]\n",
      "[0.23749264326016312, 0.02071757197071577, 0.4069756364574421, 0.012195057142130917]\n",
      "[0.23585452708925858, 0.02747221649029411, 0.4053375202865376, 0.016171067265685634]\n",
      "[0.23423425799422443, 0.03415326998173929, 0.4037172511915034, 0.020103759243923866]\n",
      "[0.23263155205546163, 0.04076190316541762, 0.4021145452527406, 0.023993822202086016]\n",
      "[0.23104613134831223, 0.04729926204202249, 0.4005291245455912, 0.02784193071458459]\n",
      "[0.2294777237854831, 0.05376646854232777, 0.3989607169827621, 0.03164874518747084]\n",
      "[0.2279260629644182, 0.06016462115653645, 0.3974090561616972, 0.03541491222889049]\n",
      "[0.22639088801943888, 0.0664947955439687, 0.3958738812167179, 0.0391410650079665]\n",
      "[0.22487194347847914, 0.07275804512380266, 0.39435493667575816, 0.04282782360252895]\n",
      "[0.22336897912425013, 0.07895540164755196, 0.3928519723215292, 0.04647579533609448]\n",
      "[0.22188174985967474, 0.08508787575393577, 0.3913647430569538, 0.05008557510448135]\n",
      "[0.2204100155774397, 0.09115645750677029, 0.3898930087747188, 0.05365774569243047]\n",
      "[0.218953541033519, 0.0971621169164854, 0.38843653423079805, 0.05719287808058751]\n",
      "[0.21751209572452798, 0.10310580444584522, 0.38699508892180706, 0.06069153174318703]\n",
      "[0.21608545376877358, 0.10898845150042862, 0.38556844696605264, 0.0641542549367657]\n",
      "[0.21467339379087094, 0.114810970904403, 0.38415638698815, 0.06758158498021868]\n",
      "[0.2132756988098027, 0.12057425736210367, 0.3827586920070818, 0.07097404852650079]\n",
      "[0.21189215613030116, 0.12627918790591086, 0.38137514932758027, 0.0743321618262618]\n",
      "[0.21052255723743893, 0.13192662233089672, 0.38000555043471806, 0.07765643098369436]\n",
      "[0.2091666976943181, 0.13751740361669654, 0.3786496908915972, 0.08094735220486143]\n",
      "[0.20782437704275172, 0.14305235833704028, 0.37730737024003086, 0.08420541203876035]\n",
      "[0.2064953987068365, 0.14853229705736395, 0.37597839190411564, 0.08743108761137013]\n",
      "[0.20517956989931818, 0.15395801472090373, 0.37466256309659735, 0.09062484685291944]\n",
      "[0.2038767015306564, 0.15933029102366053, 0.37335969472793556, 0.09378714871860333]\n",
      "[0.20258660812069812, 0.16464989077860775, 0.3720696013179773, 0.09691844340296811]\n",
      "[0.2013091077128727, 0.1699175642695008, 0.37079210091015186, 0.10001917254817545]\n",
      "[0.20004402179082525, 0.17513404759463325, 0.3695270149881044, 0.10308976944634882]\n",
      "[0.1987911751974076, 0.18030006300087156, 0.36827416839468674, 0.1061306592361975]\n",
      "[0.19755039605594915, 0.18541631920828788, 0.3670333892532283, 0.10914225909410634]\n",
      "[0.19632151569373363, 0.19048351172569833, 0.3658045088910128, 0.11212497841987218]\n",
      "[0.19510436856760935, 0.19550232315740293, 0.3645873617648885, 0.1150792190172612]\n",
      "[1, 33]\n",
      "[0.42352, 0, 0.21821463279189224, 0]\n",
      "[0.42162260349311703, 0.004480063531552184, 0.21631723628500926, 0.00869509291199778]\n",
      "[0.4197501315697852, 0.008901276044141558, 0.21444476436167742, 0.01727596532818262]\n",
      "[0.41790211189114324, 0.013264752807085408, 0.21259674468303544, 0.025744781809451348]\n",
      "[0.41607808398154805, 0.017571581078702284, 0.21077271677344026, 0.03410365255179393]\n",
      "[0.41427759885792226, 0.021822820981483252, 0.20897223164981446, 0.04235463508486214]\n",
      "[0.41250021867292624, 0.026019506344620857, 0.20719485146481842, 0.050499735907184616]\n",
      "[0.4107455163713566, 0.030162645515308593, 0.20544014916324874, 0.05854091206077053]\n",
      "[0.40901307535920195, 0.03425322214015428, 0.2037077081510941, 0.06648007264770901]\n",
      "[0.4073024891848151, 0.03829219591798496, 0.20199712197670724, 0.07431908029124412]\n",
      "[0.4056133612316864, 0.042280503325258956, 0.20030799402357857, 0.08205975254368457]\n",
      "[0.40394530442232884, 0.046219058315241805, 0.19863993721422105, 0.0897038632433934]\n",
      "[0.4022979409328081, 0.05010875299204756, 0.19699257372470028, 0.09725314382299521]\n",
      "[0.40067090191747323, 0.05395045826059406, 0.19536553470936546, 0.10470928457083632]\n",
      "[0.3990638272434659, 0.05774502445347125, 0.19375846003535813, 0.11207393584763677]\n",
      "[0.39747636523460317, 0.061493281935674465, 0.19217099802649543, 0.11934870926018165]\n",
      "[0.39590817242425175, 0.06519604168810984, 0.190602805216144, 0.12653517879381276]\n",
      "[0.3943589133168255, 0.06885409587073701, 0.18905354610871775, 0.13363488190539907]\n",
      "[0.39282826015755806, 0.07246821836617383, 0.18752289294945035, 0.14064932057838742]\n",
      "[0.39131589271021694, 0.07603916530455014, 0.18601052550210923, 0.14757996234146045]\n",
      "[0.38982149804244054, 0.07956767557036143, 0.18451613083433283, 0.15442824125225915]\n",
      "[0.38834477031839565, 0.08305447129203908, 0.1830394031102879, 0.16119555884756107]\n",
      "[0.38688541059846454, 0.08650025831492139, 0.1815800433903568, 0.1678832850612421]\n",
      "[0.38544312664568575, 0.08990572665827888, 0.18013775943757804, 0.17449275911129009]\n",
      "[0.3840176327386838, 0.09327155095701793, 0.17871226553057606, 0.18102529035708162]\n",
      "[0, 24]\n",
      "[0.21821463279189224, 0, 0.42352, 0]\n",
      "[0.21631723628500926, 0.00869509291199778, 0.42162260349311703, 0.004480063531552184]\n",
      "[0.21444476436167742, 0.01727596532818262, 0.4197501315697852, 0.008901276044141558]\n",
      "[0.21259674468303544, 0.025744781809451348, 0.41790211189114324, 0.013264752807085408]\n",
      "[0.21077271677344026, 0.03410365255179393, 0.41607808398154805, 0.017571581078702284]\n",
      "[0.20897223164981446, 0.04235463508486214, 0.41427759885792226, 0.021822820981483252]\n",
      "[0.20719485146481842, 0.050499735907184616, 0.41250021867292624, 0.026019506344620857]\n",
      "[0.20544014916324874, 0.05854091206077053, 0.4107455163713566, 0.030162645515308593]\n",
      "[0.2037077081510941, 0.06648007264770901, 0.40901307535920195, 0.03425322214015428]\n",
      "[0.20199712197670724, 0.07431908029124412, 0.4073024891848151, 0.03829219591798496]\n",
      "[0.20030799402357857, 0.08205975254368457, 0.4056133612316864, 0.042280503325258956]\n",
      "[0.19863993721422105, 0.0897038632433934, 0.40394530442232884, 0.046219058315241805]\n",
      "[0.19699257372470028, 0.09725314382299521, 0.4022979409328081, 0.05010875299204756]\n",
      "[0.19536553470936546, 0.10470928457083632, 0.4006709019174733, 0.05395045826059406]\n",
      "[0.19375846003535813, 0.11207393584763677, 0.39906382724346595, 0.05774502445347125]\n",
      "[0.19217099802649543, 0.11934870926018165, 0.3974763652346032, 0.061493281935674465]\n",
      "[0.190602805216144, 0.12653517879381276, 0.3959081724242518, 0.06519604168810984]\n",
      "[0.18905354610871775, 0.13363488190539907, 0.39435891331682554, 0.06885409587073701]\n",
      "[0.18752289294945035, 0.14064932057838742, 0.3928282601575581, 0.07246821836617383]\n",
      "[0.18601052550210923, 0.14757996234146045, 0.391315892710217, 0.07603916530455014]\n",
      "[0.18451613083433283, 0.15442824125225915, 0.3898214980424406, 0.07956767557036143]\n",
      "[0.1830394031102879, 0.16119555884756107, 0.3883447703183957, 0.08305447129203908]\n",
      "[0.1815800433903568, 0.1678832850612421, 0.3868854105984646, 0.08650025831492139]\n",
      "[0.18013775943757804, 0.17449275911129009, 0.3854431266456858, 0.08990572665827888]\n",
      "[0.17871226553057606, 0.18102529035708162, 0.38401763273868383, 0.09327155095701793]\n",
      "[1, 24]\n",
      "[0.43457920000000005, 0, 0.19375642801893764, 0]\n",
      "[0.4325514117295173, 0.004666096008466975, 0.19172863974845486, 0.010465656758931255]\n",
      "[0.4305542084252839, 0.0092618136687539, 0.1897314364442215, 0.020773460864600246]\n",
      "[0.4285869351858919, 0.013788659959123976, 0.1877641632048295, 0.030926792341167908]\n",
      "[0.42664895565704364, 0.01824809917951986, 0.18582618367598122, 0.04092893548894957]\n",
      "[0.4247396513784232, 0.022641554454462746, 0.18391687939736076, 0.05078308225528986]\n",
      "[0.42285842115800687, 0.026970409172811717, 0.18203564917694445, 0.060492335463820573]\n",
      "[0.4210046804724762, 0.031236008367459513, 0.18018190849141377, 0.07005971190900101]\n",
      "[0.4191778608924702, 0.03543966003787069, 0.1783550889114078, 0.07948814532245865]\n",
      "[0.4173774095314842, 0.039582636418208327, 0.17655463755042178, 0.0887804892172896]\n",
      "[0.4156027885172857, 0.043666175193645636, 0.17478001653622324, 0.0979395196161421]\n",
      "[0.4138534744847815, 0.0476914806673181, 0.17303070250371905, 0.10696793766859103]\n",
      "[0.41212895808932554, 0.051659724880239406, 0.17130618610826306, 0.1158683721630142]\n",
      "[0.4104287435395118, 0.05557204868638045, 0.16960597155844934, 0.12464338193790307]\n",
      "[0.40875234814854783, 0.059429562784993555, 0.16792957616748533, 0.13329545819727834]\n",
      "[0.407099301903351, 0.06323334871215444, 0.1662765299222885, 0.14182702673463427]\n",
      "[0.4054691470505561, 0.06698445979339093, 0.16464637506949362, 0.1502404500696039]\n",
      "[0.40386143769866356, 0.07068392205917011, 0.16303866571760112, 0.1585380295013189]\n",
      "[0.40227573943559874, 0.07433273512492389, 0.1614529674545363, 0.1667220070822322]\n",
      "[0, 18]\n",
      "[0.19375642801893764, 0, 0.43457920000000005, 0]\n",
      "[0.19172863974845486, 0.010465656758931255, 0.4325514117295173, 0.004666096008466975]\n",
      "[0.1897314364442215, 0.020773460864600246, 0.4305542084252839, 0.0092618136687539]\n",
      "[0.1877641632048295, 0.030926792341167908, 0.4285869351858919, 0.013788659959123976]\n",
      "[0.18582618367598122, 0.04092893548894957, 0.42664895565704364, 0.01824809917951986]\n",
      "[0.18391687939736076, 0.05078308225528986, 0.4247396513784232, 0.022641554454462746]\n",
      "[0.18203564917694445, 0.060492335463820573, 0.42285842115800687, 0.026970409172811717]\n",
      "[0.18018190849141377, 0.07005971190900101, 0.4210046804724762, 0.031236008367459513]\n",
      "[0.1783550889114078, 0.07948814532245865, 0.4191778608924702, 0.03543966003787069]\n",
      "[0.17655463755042178, 0.0887804892172896, 0.4173774095314842, 0.039582636418208327]\n",
      "[0.17478001653622324, 0.0979395196161421, 0.4156027885172857, 0.043666175193645636]\n",
      "[0.17303070250371905, 0.10696793766859103, 0.4138534744847815, 0.0476914806673181]\n",
      "[0.17130618610826306, 0.1158683721630142, 0.41212895808932554, 0.051659724880239406]\n",
      "[0.16960597155844934, 0.12464338193790307, 0.4104287435395118, 0.05557204868638045]\n",
      "[0.16792957616748533, 0.13329545819727834, 0.40875234814854783, 0.059429562784993555]\n",
      "[0.1662765299222885, 0.14182702673463427, 0.407099301903351, 0.06323334871215444]\n",
      "[0.16464637506949362, 0.1502404500696039, 0.4054691470505561, 0.06698445979339093]\n",
      "[0.16303866571760112, 0.1585380295013189, 0.40386143769866356, 0.07068392205917011]\n",
      "[0.1614529674545363, 0.1667220070822322, 0.40227573943559874, 0.07433273512492389]\n",
      "[1, 18]\n",
      "[0.445196032, 0, 0.1691392122642221, 0]\n",
      "[0.44311732121689085, 0.004669203303027583, 0.16706050148111293, 0.012289940075290762]\n",
      "[0.4410737443027793, 0.00925948885640723, 0.16501692456700137, 0.024372158543466867]\n",
      "[0.43906447487735706, 0.013772712876836637, 0.1630076551415791, 0.03625154120420354]\n",
      "[0.43708871218760387, 0.01821067401696021, 0.1610318924518259, 0.047932822341227865]\n",
      "[0.4351456801198253, 0.02257511558453139, 0.15908886038404735, 0.05942059056343778]\n",
      "[0.43323462625710835, 0.026867727659557535, 0.15717780652133043, 0.07071929437749812]\n",
      "[0.4313548209797747, 0.031090149114862974, 0.15529800124399679, 0.08183324750622084]\n",
      "[0.42950555660655837, 0.03524396954517692, 0.15344873687078048, 0.09276663396617112]\n",
      "[0.4276861465743709, 0.03933073110954655, 0.151629326838593, 0.10352351291713412]\n",
      "[0.4258959246546437, 0.04335193029158946, 0.14983910491886587, 0.11410782329532447]\n",
      "[0.42413424420435775, 0.04730901958183271, 0.14807742446857988, 0.12452338824151783]\n",
