# DEFAULT PARAMETERS
TASK_UNIT_DURATION = 10
ALPHA_E = 0.5
ALPHA_M = 0.5
ALPHA_H = 0
BETA = 1
LAM_LEARN = 1
LAM_MOTIV = 0
MU_LEARN = .5
MU_MOTIV = 0
TH_E = 10
TH_M = 10
MAX_E = 25
MAX_M = 25
MAX_H = 25
EXCITE = .1
INHIBIT = .1

MAX_COORD_STEPS = 1000

MBTI = [[0.7577, 0.3816, 0.3404, 0.2435, 0.5678, 0.6020, 0.9619, 0.5797, 0.9448, 0.0598, 0.1835, 0.3786, 0.1707, 0.7112, 0.4588, 0.2619],
        [0.3816, 0.7655, 0.5853, 0.9293, 0.0759, 0.2630, 0.0046, 0.5499, 0.4909, 0.2348, 0.3685, 0.8116, 0.2277, 0.2217, 0.9631, 0.3354],
        [0.3404, 0.5853, 0.2238, 0.3500, 0.0540, 0.6541, 0.7749, 0.1450, 0.4893, 0.3532, 0.6256, 0.5328, 0.4357, 0.1174, 0.5468, 0.6797],
        [0.2435, 0.9293, 0.3500, 0.1966, 0.5308, 0.6892, 0.8173, 0.8530, 0.3377, 0.8212, 0.7802, 0.3507, 0.3111, 0.2967, 0.5211, 0.1366],
        [0.5678, 0.0759, 0.0540, 0.5308, 0.7792, 0.7482, 0.8687, 0.6221, 0.9001, 0.0154, 0.0811, 0.9390, 0.9234, 0.3188, 0.2316, 0.7212],
        [0.6020, 0.2630, 0.6541, 0.6892, 0.7482, 0.4505, 0.0844, 0.3510, 0.3692, 0.0430, 0.9294, 0.8759, 0.4302, 0.4242, 0.4889, 0.1068],
        [0.9619, 0.0046, 0.7749, 0.8173, 0.8687, 0.0844, 0.3998, 0.5132, 0.1112, 0.1690, 0.7757, 0.5502, 0.1848, 0.5079, 0.6241, 0.6538],
        [0.5797, 0.5499, 0.1450, 0.8530, 0.6221, 0.3510, 0.5132, 0.4018, 0.7803, 0.6491, 0.4868, 0.6225, 0.9049, 0.0855, 0.6791, 0.4942],
        [0.9448, 0.4909, 0.4893, 0.3377, 0.9001, 0.3692, 0.1112, 0.7803, 0.3897, 0.7317, 0.4359, 0.5870, 0.9797, 0.2625, 0.3955, 0.7791],
        [0.0598, 0.2348, 0.3532, 0.8212, 0.0154, 0.0430, 0.1690, 0.6491, 0.7317, 0.6477, 0.4468, 0.2077, 0.4389, 0.8010, 0.3674, 0.7150],
        [0.1835, 0.3685, 0.6256, 0.7802, 0.0811, 0.9294, 0.7757, 0.4868, 0.4359, 0.4468, 0.3063, 0.3012, 0.1111, 0.0292, 0.9880, 0.9037],
        [0.3786, 0.8116, 0.5328, 0.3507, 0.9390, 0.8759, 0.5502, 0.6225, 0.5870, 0.2077, 0.3012, 0.4709, 0.2581, 0.9289, 0.0377, 0.8909],
        [0.1707, 0.2277, 0.4357, 0.3111, 0.9234, 0.4302, 0.1848, 0.9049, 0.9797, 0.4389, 0.1111, 0.2581, 0.4087, 0.7303, 0.8852, 0.3342],
        [0.7112, 0.2217, 0.1174, 0.2967, 0.3188, 0.4242, 0.5079, 0.0855, 0.2625, 0.8010, 0.0292, 0.9289, 0.7303, 0.4886, 0.9133, 0.6987],
        [0.4588, 0.9631, 0.5468, 0.5211, 0.2316, 0.4889, 0.6241, 0.6791, 0.3955, 0.3674, 0.9880, 0.0377, 0.8852, 0.9133, 0.7962, 0.1978],
        [0.2619, 0.3354, 0.6797, 0.1366, 0.7212, 0.1068, 0.6538, 0.4942, 0.7791, 0.7150, 0.9037, 0.8909, 0.3342, 0.6987, 0.1978, 0.0305]]