[[0.67, 0.33, 0.83, 0.5, 0.83, 0.5, 1, 0.67, 0.5, 0.17, 0.67, 0.33, 0.67, 0.33, 0.83, 0.5],
[0.33, 0.67, 0.5, 0.83, 0.5, 0.83, 0.67, 1, 0.17, 0.5, 0.33, 0.67, 0.33, 0.67, 0.5, 0.83],
[0.83, 0.5, 0.67, 0.33, 1, 0.67, 0.83, 0.5, 0.67, 0.33, 0.5, 0.17, 0.83, 0.5, 0.67, 0.33],
[0.5, 0.83, 0.33, 0.67, 0.67, 1, 0.5, 0.83, 0.33, 0.67, 0.17, 0.5, 0.5, 0.83, 0.33, 0.67],
[0.83, 0.5, 1, 0.67, 0.67, 0.33, 0.83, 0.5, 0.67, 0.33, 0.83, 0.5, 0.5, 0.17, 0.67, 0.33],
[0.5, 0.83, 0.67, 1, 0.33, 0.67, 0.5, 0.83, 0.33, 0.67, 0.5, 0.83, 0.17, 0.5, 0.33, 0.67],
[1, 0.67, 0.83, 0.5, 0.83, 0.5, 0.67, 0.33, 0.83, 0.5, 0.67, 0.33, 0.67, 0.33, 0.5, 0.17],
[0.67, 1, 0.5, 0.83, 0.5, 0.83, 0.33, 0.67, 0.5, 0.83, 0.33, 0.67, 0.33, 0.67, 0.17, 0.5],
[0.5, 0.17, 0.67, 0.33, 0.67, 0.33, 0.83, 0.5, 0.33, 0, 0.5, 0.17, 0.5, 0.17, 0.67, 0.33],
[0.17, 0.5, 0.33, 0.67, 0.33, 0.67, 0.5, 0.83, 0, 0.33, 0.17, 0.5, 0.17, 0.5, 0.33, 0.67],
[0.67, 0.33, 0.5, 0.17, 0.83, 0.5, 0.67, 0.33, 0.5, 0.17, 0.33, 0, 0.67, 0.33, 0.5, 0.17],
[0.33, 0.67, 0.17, 0.5, 0.5, 0.83, 0.33, 0.67, 0.17, 0.5, 0, 0.33, 0.33, 0.67, 0.17, 0.5],
[0.67, 0.33, 0.83, 0.5, 0.5, 0.17, 0.67, 0.33, 0.5, 0.17, 0.67, 0.33, 0.33, 0, 0.5, 0.17],
[0.33, 0.67, 0.5, 0.83, 0.17, 0.5, 0.33, 0.67, 0.17, 0.5, 0.33, 0.67, 0, 0.33, 0.17, 0.5],
[0.83, 0.5, 0.67, 0.33, 0.67, 0.33, 0.5, 0.17, 0.67, 0.33, 0.5, 0.17, 0.5, 0.17, 0.33, 0],
[0.5, 0.83, 0.33, 0.67, 0.33, 0.67, 0.17, 0.5, 0.33, 0.67, 0.17, 0.5, 0.17, 0.5, 0, 0.33]]